1.221829906773684229e+02
7.769207659553407552e+01
3.734856396581859173e+01
4.018506523353570969e+01
3.715084951819779491e+01
5.270600608014152044e+01
6.921055681077808686e+01
4.337291214297528086e+01
2.843458750793271861e+01
1.205033869802277593e+02
7.385288120852477789e+01
1.010647771940737556e+02
2.993156856932417398e+01
5.524558702324588921e+01
6.516939622820137856e+01
5.756751511813324385e+01
5.756751511813324385e+01
5.292365892835852037e+01
5.519269349816421766e+01
8.449793939376857566e+01
3.993156856932417043e+01
5.485800917358657358e+01
5.721415298381183590e+01
8.575073875161700698e+01
4.762919048309068160e+01
5.785125310786817465e+01
6.242178338983567443e+01
3.786313713864834796e+01
3.340752357248549060e+02
6.015247761885440525e+01
3.321928094887361738e+01
4.955877868828661548e+01
3.389401912657001503e+01
5.318669333419231293e+01
1.704259988171291695e+01
9.147603381439837733e+01
4.161126857509342614e+01
7.896697610496958930e+01
5.038407798525415160e+01
8.244150829103654132e+01
3.321928094887361738e+01
3.718506523353570969e+01
3.325349666421153927e+01
2.857542475909889745e+01
5.809358392980082897e+01
3.018506523353570969e+01
1.504259988171291695e+01
1.650977500432693645e+01
1.526466250649040468e+01
2.326466250649040290e+01
2.050977500432693645e+01
2.275488750216347000e+01
2.204259988171291695e+01
2.275488750216347000e+01
3.092644060426239250e+01
2.783845916493269357e+01
2.067970000576924861e+01
2.204259988171291695e+01
2.260964047443680869e+01
3.210149357076648613e+01
2.894949047732143299e+01
2.100838416637500217e+01
2.275488750216347000e+01
3.101955000865387291e+01
2.383845916493269357e+01
2.460964047443680869e+01
5.322690921350212534e+01
3.189735285398625564e+01
5.529096858086267474e+01
5.266062452252472781e+01
