8.947878317195473441e-02
2.038922500462878040e-02
2.345355586411211668e+00
2.047120880833255718e+00
1.646063110234338711e-01
4.734423309640800048e-01
1.860196339688445333e+00
1.070859838327477415e-01
9.974381765927796406e-02
3.408200356789587437e-01
3.116613392731595322e-01
5.861971503993209653e-01
2.674715424488720295e-02
6.959739496471206710e-01
1.634443623908956811e+00
3.949499860671473739e-01
2.925643599949083185e-01
1.085577012704170174e+00
1.586932998381499038e+00
1.390879987628439629e+01
2.785923364838443494e-01
1.222401561937789483e+00
1.042006884375396236e+00
9.120352761173001754e-01
5.742688696462734388e-01
2.560751992932340862e-02
7.637435195473311067e-01
1.091093184772646607e+00
8.497533717540196596e-01
4.494445992578338656e-01
6.651845739025706861e-01
3.510621016047832388e-01
4.074353399833355871e-01
1.723564207468104015e-01
4.757010871740569025e-02
2.785836509943762640e-01
9.512327528959070577e-02
2.036042951954567748e+00
3.888007502630120626e+00
2.423358092207408276e-01
1.709826705332179841e+00
1.457119278630847337e-01
7.633013937806931715e-02
1.828637899943581502e-01
3.080921246264038960e-01
4.403223481909073617e-02
2.925992015505909580e-02
2.198750386697163883e-01
1.789839473641445800e-01
1.141531568244264633e-01
9.834470642927142792e-02
1.324600658327331759e-01
3.349131570257798951e-02
1.387179430238568156e-01
2.045965193436487251e-02
4.451808076432957340e-02
6.738258231535931841e-02
3.778259119323124776e-02
3.407149258791976332e-02
5.230117379497564029e-02
6.095861449194353576e-02
6.685684927644237885e-02
1.026165705645786103e-01
1.369825014716612721e-01
7.608481335025485404e-02
2.149312025337422882e-01
2.965606621190902681e-01
6.561566154431995868e-01
7.990874520682272886e-02
5.917259125455693880e-01
