4.000000000000000000e+01
1.500000000000000000e+01
1.300000000000000000e+01
1.600000000000000000e+01
1.500000000000000000e+01
1.900000000000000000e+01
2.200000000000000000e+01
1.600000000000000000e+01
1.300000000000000000e+01
3.600000000000000000e+01
2.600000000000000000e+01
2.700000000000000000e+01
1.700000000000000000e+01
2.100000000000000000e+01
2.000000000000000000e+01
2.300000000000000000e+01
2.300000000000000000e+01
2.100000000000000000e+01
2.000000000000000000e+01
2.800000000000000000e+01
1.800000000000000000e+01
1.800000000000000000e+01
2.100000000000000000e+01
3.200000000000000000e+01
1.800000000000000000e+01
1.900000000000000000e+01
1.900000000000000000e+01
1.600000000000000000e+01
1.060000000000000000e+02
2.200000000000000000e+01
1.400000000000000000e+01
1.600000000000000000e+01
1.400000000000000000e+01
1.900000000000000000e+01
1.100000000000000000e+01
3.300000000000000000e+01
1.900000000000000000e+01
2.800000000000000000e+01
1.900000000000000000e+01
2.800000000000000000e+01
1.400000000000000000e+01
1.600000000000000000e+01
1.400000000000000000e+01
1.400000000000000000e+01
1.900000000000000000e+01
1.400000000000000000e+01
1.100000000000000000e+01
1.100000000000000000e+01
1.100000000000000000e+01
1.200000000000000000e+01
1.100000000000000000e+01
1.300000000000000000e+01
1.300000000000000000e+01
1.300000000000000000e+01
1.300000000000000000e+01
1.300000000000000000e+01
1.100000000000000000e+01
1.300000000000000000e+01
1.200000000000000000e+01
1.200000000000000000e+01
1.200000000000000000e+01
1.300000000000000000e+01
1.300000000000000000e+01
1.300000000000000000e+01
1.100000000000000000e+01
1.200000000000000000e+01
2.300000000000000000e+01
1.500000000000000000e+01
1.700000000000000000e+01
2.000000000000000000e+01
