2.857127059604113583e+03
6.493452958292919902e+03
6.666638297872340445e+03
4.854342431761786429e+03
1.428578706062149831e+04
2.272702142363510939e+04
3.225789068514241990e+03
1.136365724787502950e+04
2.369657097288676596e+03
2.410814915711883799e+01
2.040842105263157691e+03
6.944496268656715984e+03
2.500000000000000000e+03
1.939393939393939718e+03
1.673202614379084935e+03
2.285714285714285779e+03
4.407713498622591032e+03
2.269503546099290816e+03
2.564102564102563974e+03
2.560000000000000000e+03
1.523809523809523625e+03
1.904761904761904361e+03
2.471042471042471334e+03
7.886721168885114821e+03
2.500000000000000000e+03
8.333333333333333712e+02
1.111115023474178452e+04
8.333148250971682501e+03
5.263238679969301302e+03
6.211398443384383427e+03
1.923108552631578641e+04
8.333303249097472872e+03
8.064455569461826599e+03
8.620707121872148491e+03
5.952419600284062653e+03
1.837985023825731616e+02
2.885860686431261684e+02
5.880463280417183114e+02
9.433903202504214278e+03
4.629534192269574305e+03
8.196702317290551946e+03
8.333333333333333940e+03
7.812508263916434771e+03
8.196679265658747681e+03
1.111101203744984377e+04
5.434762979683972844e+03
4.905963166933144635e+02
1.361022645294107315e+04
8.196678966789668266e+03
2.732221594120972441e+03
8.928362401966522157e+03
1.162779456193353508e+04
4.032268518518518249e+03
1.428601694915254302e+04
3.521262886597938177e+03
4.000000000000000455e+03
4.950581395348836850e+03
5.952421410365335760e+03
7.936519174041299266e+03
2.659593455627168623e+03
3.968260511129431052e+03
5.000000000000000000e+03
3.448289218850871748e+03
2.994004944375772084e+03
4.424794952681388168e+03
2.577307692307692378e+03
2.173989455184534381e+04
7.246391076115485703e+03
2.083307573415765000e+04
1.785717200571312060e+04
