3.384718588059418970e-02
5.290613095088673307e-02
5.516870327233892868e-02
1.639961473081943677e-01
9.687178960923165105e-02
1.198655475427277961e-01
1.094768210181751300e-01
7.682338914982322908e-02
1.579093937255680521e-02
4.861447731966183489e-02
5.162055199192062960e-02
1.179311313456732069e-01
1.106868988805418362e-02
2.810263001769541247e-01
2.807679310847858156e-01
2.791789618600534206e-01
2.743826545155663155e-01
2.923277502393286098e-01
3.050009869243115457e-01
2.938506857220460344e-01
3.501421836495442474e-01
2.885711402319952601e-01
2.554444023850031553e-01
2.751820908840628688e-01
2.941520215920411241e-01
9.771795105259248326e-02
6.693783975785526363e-02
1.158541876099771217e-01
1.380353755374787439e-01
1.942530189497149729e-01
1.262731248004134443e-01
1.134483230981100377e-01
8.333327752708730163e-02
2.599703677078489192e-02
3.396851185625077152e-02
3.727923286741732095e-02
5.700753138330107855e-02
1.141936675847493865e-01
1.122643133669828791e-01
7.153261710638179893e-02
1.201355771362909303e-01
5.585682575327483024e-02
1.141470947256196800e-01
1.068824035607855993e-01
9.310577039861656079e-02
3.857880785309437260e-02
2.067930061107705469e-02
5.432077935497910820e-02
3.460917219800065808e-02
7.245997606330410734e-02
4.969022752141356858e-02
5.481103505870697779e-02
2.976982055455685422e-02
5.894856628354161465e-02
1.172833416960279186e-02
1.050701122665384651e-01
9.456736143113472770e-02
4.309857242040063263e-02
1.044800966829516620e-01
7.141841961073333578e-02
9.947542029256742357e-02
2.210443271829313355e-02
2.706668211660573364e-02
6.608274206544637042e-02
7.181807308159846026e-02
2.482683817713571273e-02
1.610883962084631860e-01
3.749115931813825492e-02
5.188863492545483375e-02
1.130706746303033194e-01
