1.940183872095208170e-03
7.651816633483423356e-03
8.598343649803269831e-03
3.846266498821811208e-03
1.784580460481579450e-02
1.106240352768910612e-01
2.328663724790680511e-03
1.496933615036705016e-02
1.365957908666101022e-03
1.059590958921844718e-03
1.930932511957119714e-03
6.055174688378786238e-03
1.237584872920145362e-03
2.128438936755145099e-03
3.202053864263047257e-03
2.512290973891230170e-03
6.746974938144482438e-03
4.447599738437051954e-03
6.517371030992660796e-03
1.320530902339416002e-02
5.621992934118891748e-03
3.656871066771521812e-03
9.894074100382229536e-03
9.909831843932934842e-03
8.516562657937147562e-03
4.155809570937738819e-03
1.187222241075089682e-02
1.002514169291563589e-02
6.126126805936764341e-03
1.330818387535286432e-02
1.887971566419135161e-01
8.336804625969604018e-03
2.374918992994193290e-02
8.611629562125794682e-03
1.097400831809769786e-02
4.320879677097212192e-03
1.147961579006042537e-02
4.064354209967641768e-02
1.085034910531881835e-02
1.514872366390957077e-03
7.672705448285704714e-03
1.026726985605434447e-02
2.501282526040890866e-02
8.719712549992878620e-03
6.242170416903031205e-02
3.527693593192143123e-03
8.534887317871412901e-03
1.789856224767195567e-02
7.775127937805686139e-03
3.874162861764058555e-03
4.119233892095446915e-03
1.135122362476695956e-01
4.689230875914651535e-03
4.915370991225443548e-02
2.484993079492570957e-03
4.598772139282965472e-03
6.375880304342354706e-03
2.983296345104728946e-03
3.526802677215321036e-02
2.149465632289034207e-03
1.971783725246616190e-03
3.624332090634961416e-03
1.249599497165850047e-03
1.840257536072807112e-03
5.626973432567079769e-03
1.329922647895197436e-03
1.126923651345522609e-01
5.447548474919528157e-03
5.542941422700352339e-02
2.864353782250329480e-02
