1.486834622204322165e-02
1.195601022004926309e-02
1.426565993913274724e-02
9.668488366049197286e-03
1.702474087174946082e-02
5.892575966420567773e-02
1.214126023719772074e-02
1.674721230950631731e-02
7.053224671853364040e-03
1.384600706269153644e-02
1.224186617112195050e-02
1.645053589014189993e-02
7.865315210450396152e-03
1.268026650031107982e-02
1.135869581789194366e-02
1.199516257276619924e-02
1.442461141303930452e-02
1.218884499836939660e-02
1.380543673013034586e-02
3.900408812611756704e-02
1.537980701378869643e-02
1.129045469596861792e-02
1.700549789852242449e-02
2.260495097350910532e-02
1.401552811042212389e-02
1.266119586512311213e-02
1.616045204735808150e-02
1.485603612387157747e-02
4.802906899176030697e-02
2.035843771506908387e-02
3.106500651694439966e-02
1.337581269885831925e-02
1.595407909140681563e-02
2.532959128168995461e-02
1.404175449677953422e-02
1.321723922515524730e-02
1.547350442664336204e-02
2.346574246118612178e-02
1.535687024946571014e-02
1.116141565729688451e-02
1.188208318414161156e-02
1.450639424463940827e-02
1.604956333505907703e-02
1.151830659446170975e-02
2.693904119913996878e-02
8.409228266664282164e-03
1.155778506240676129e-02
1.876395112228887094e-02
1.121263315690061539e-02
7.370454843610691094e-03
7.911975316991200560e-03
1.973988002952817289e-02
8.553946274407819156e-03
1.887175231968548500e-02
7.468911066935329628e-03
7.431068173969643254e-03
9.355409266156142559e-03
8.122127164777339162e-03
1.527065912656016058e-02
7.563979993294667192e-03
7.477313735802286476e-03
7.168693067407137451e-03
6.884680882210713997e-03
7.117986317863228551e-03
8.924334449758116947e-03
7.030942135050842132e-03
5.197236231435847786e-02
1.171856518784371130e-02
2.710470274585342204e-02
3.499020547385790769e-02
