3.695288324934264089e-03
6.914921667628910577e-03
3.491890443871929927e-06
3.461197513286224563e-05
1.872314421403928033e-05
1.136678997882882176e-05
5.583530909734097259e-04
2.065651672956741926e-05
4.563377657864053182e-06
1.602959016647111118e-05
2.649555976485597444e-05
5.000000460956111710e-04
1.061158242862549272e-05
3.898719613775458173e-05
1.068960513575744307e-04
1.263065244060462497e-04
8.428097236916353663e-06
3.204862455529843121e-06
3.804228460677589768e-06
4.638943758679630160e-04
2.157505607217475498e-05
4.502166908780590675e-05
2.039252996412108744e-05
3.272288502237589693e-05
1.305322914012502297e-05
7.748970614897765995e-05
1.934552199733177155e-05
2.930483146480170227e-05
1.974792747770986318e-02
9.545891713665178636e-06
9.561928082425303899e-01
7.775757337512524266e-06
1.010018233236265986e-05
2.867048946468574999e-01
3.110487661280902106e-06
5.987808080251444441e-06
2.247781190575210797e-04
9.925461583591326242e-01
3.976769408718409059e-05
2.917083197297591982e-02
1.246703452694447256e-05
6.378337543037241404e-06
6.515856764627880982e-06
1.617802609129770480e-05
7.295817102943128753e-05
1.221089382365091050e-05
5.707669270762956177e-04
6.894191930126557887e-06
1.388610572750958777e-05
3.622173906249755160e-03
4.101211253342501016e-06
5.574129026676427623e-02
3.419644875957023659e-06
1.213094143603505037e-01
1.175317972437072018e-05
2.264483299516671377e-01
5.383087352997930212e-06
9.635429153408085756e-03
6.292039479274608160e-02
2.554899185024414239e-06
2.162182133176517124e-06
7.400442482294673507e-06
1.056373582822991639e-02
7.192683498198471472e-04
2.936060116266985094e-06
1.128750126211459896e-06
3.710602439202413335e-05
4.882362863824154278e-06
1.609127636827165347e-03
2.049996025426419408e-05
