3.477683161298235348e-02
2.836416231316250119e-02
8.340061406202749564e-03
1.260837581884447813e-02
1.288916822917382188e+00
8.848190416575479542e-03
3.579147183742457938e-02
5.238924276357305454e-02
1.088717808330311003e-02
5.634199403354960001e-02
4.376680253219593364e-02
1.135413998785491686e-02
1.308661461501147219e-02
8.285064424766392932e-01
3.431487569498403167e-01
1.148401704283894542e+00
1.317283483364376950e+00
8.740761644055112800e-01
1.011281406326010324e-01
4.026019741156781212e-02
3.657048871816774405e+00
1.939021245157371565e-01
5.735945373542142844e-01
1.097609988481287324e+00
9.539775395572833716e-01
4.545318355516576037e-01
8.568388455476293533e-03
1.132746592373165412e-01
2.517679038831672211e-01
4.945144493498156990e-01
5.231760195460434248e-01
1.530775650472055924e-02
1.377466880531143523e-01
1.864105138703013934e-02
1.065372972851522104e-02
1.187203169476534759e-02
1.348175425972400997e-02
4.056270403487591270e-01
2.629567168942264388e+00
1.203205513234324675e+00
1.351972770110072310e-02
1.768377448174468167e-02
2.533796947280188977e-02
6.428054683672609730e-03
3.281049391270676047e-02
1.221020055187534495e-02
8.023096289591188229e-03
1.148396637595529117e-02
1.058910251089792420e-02
1.033451754104283520e-02
6.623300304481593952e-03
1.723466338934138975e-02
4.802109120719845296e-03
1.552700414647335478e-02
5.828835936908921198e-03
1.743351969237028759e-02
1.068552289007076300e-02
9.004119470933857547e-03
1.378244690566142808e-02
1.139273125644286143e-02
1.803456688620361931e-02
6.691803354083725522e-03
9.530626482177652348e-03
5.878106526952114885e-03
1.025317530162439886e-02
5.811988484162428602e-03
8.421271126096240012e-02
2.292533328378837040e-02
5.543531657775820076e-02
4.137572739554983697e-02
