1.274344964119113466e-01
1.690605482359814060e-01
7.430742083735578096e-02
1.841476023669668671e-01
1.232787006960182480e-01
1.145588657023450113e-01
1.721185840652996180e-01
1.494556550462984301e-01
1.321702807184875206e-01
1.381637285321402620e-01
1.422557512693169157e-01
1.339782573085743778e-01
3.217420000006322445e-01
4.142606597875336805e-01
3.544710986701788413e-01
3.324867513104862171e-01
3.309972379318785185e-01
4.642223302780180694e-01
3.859294002500812115e-01
6.857349535496147508e-02
1.135870275845266786e+00
5.992947616416535173e-01
3.418892763855769790e-01
3.340805411233335187e-01
3.574067769679970530e-01
1.814122962697896080e-01
1.345976904009409947e-01
1.355067894662915495e-01
1.515258627803764691e-01
3.220048505331669086e-01
1.404742773899114727e-01
1.283145445203491553e-01
1.507905992971056430e-01
1.294355649791926188e-01
2.806693809428630407e-02
1.736066182515750289e-01
4.175780428090312274e-02
4.286537219183387815e-01
2.064420837937564479e-01
1.734231737755154434e-01
1.342861581216792666e-01
1.737997581171913386e-01
1.559982449046603548e-01
1.386904791502593104e-01
1.182148841746802626e-01
1.357322149290166313e-01
3.198399616564560899e-02
3.410004549129314749e-02
3.776342379522280163e-02
1.527320782998487225e-01
1.168755801571333686e-01
4.977648811379631333e-02
3.665127648737524085e-02
3.062308807112678125e-02
1.246717806648937471e-01
1.306481561905983857e-01
1.274046926491621545e-01
1.312686100228062924e-01
1.353161120265009010e-01
1.399320186021352497e-01
1.297521147373013328e-01
1.166050484492397316e-01
1.401122224436237018e-01
1.251917156324440228e-01
5.755462209449626471e-02
9.887120271514457381e-02
1.252736693777347088e-01
1.603549896022493093e-01
7.220180269070965162e-02
1.485105600552548422e-01
