2.842705190548583481e-03
1.408007898170050565e+00
7.712463604043565298e-03
2.631705280143518001e-03
5.906497909058250340e-01
1.167624769821553644e-02
2.511769030942724579e-03
3.798907576868197633e-02
1.608676504711698072e-03
2.698154218390671349e-03
2.849951919710924913e-03
6.396841032230794755e-03
2.006491417083340091e-03
1.838613471892827644e-01
1.095648532141916924e-02
1.535110743748273332e-01
1.025155836646978180e-01
3.734640228238248483e-01
1.058427033303027676e-02
2.508032367685252353e-02
1.127139246424036623e+00
2.002242635627278847e-02
9.391457813201367633e-02
1.091160169623936582e+00
2.708521748455731126e-01
5.687193509765139932e-03
2.105805086947082003e-02
6.804088161601243301e-02
1.139107375120469029e-01
5.221860327709884064e-01
3.456289250755708586e-01
1.113846942821970429e-02
1.255786056723743292e-02
1.621440179413294602e-01
5.106595157124564459e-03
4.561204847598152382e-03
8.970613510018019682e-03
7.349433962797508046e-01
7.146385757881535961e-01
2.570295711444409714e-01
1.948375295248815087e-02
9.331846588060677822e-03
3.680082142963152225e-02
7.971758518922416117e-03
3.357154874843459869e-02
1.569872360763866284e-02
6.190825073641871741e-03
1.780308422607745564e-02
5.961866925536695588e-03
2.747051161982589154e-03
4.829180422791902808e-03
1.507542455052970042e-02
7.976928118307117024e-03
1.211516241301367931e-02
3.056422038213846976e-02
3.529382179484986948e-03
5.139825940484748883e-03
2.634209787332324887e-02
3.179260982340196412e-02
1.686209171786082900e-03
2.652938479036972500e-03
7.747938278488515629e-02
1.208633885935869994e-03
1.452243669004179508e-03
1.174869892930541747e-02
1.003990557120341791e-03
9.639279972055139756e-02
4.114658919732114839e-01
6.702676406013206856e-02
2.516655361862961751e-02
