1.493460921815650821e-02
2.647989122618310542e-02
1.583070227675250491e-02
2.599565862689787871e-02
3.549938452410115325e-02
1.066553936845851397e-01
1.446534004013666497e-02
8.996973365548104062e-02
6.999293988195295739e-03
1.389642902650744735e-02
1.327582872641630031e-02
2.101763105495937922e-02
7.878603295347171714e-03
9.284482442194785801e-02
4.068505353493391541e-02
2.589054601433462416e-02
3.236455860318009775e-02
3.000432649616038838e-02
3.343930664684725135e-02
2.558442180805989286e-02
4.138085830827845091e-02
1.880779378963172779e-02
2.637536615890104935e-02
2.806307457451884257e-01
1.303207143140512059e-01
1.067388463791538317e-01
3.401342161863753905e-02
7.401080112614563666e-02
1.063281864151630202e-01
2.259100046949683305e-01
1.069033809861916068e-01
1.771298799757391185e-02
2.071518282692507568e-02
3.860482487075321545e-02
1.573687822029030611e-02
1.681361462287900982e-02
1.995782610693373760e-02
2.825872064040305665e-01
1.081656895534105212e-01
4.857099098305467377e-02
2.666476107951374838e-02
1.764364444828977682e-02
5.761542350080354341e-02
3.142687226701034592e-02
3.896023023738616475e-02
1.273359753248475348e-02
1.217146283206152306e-02
2.027291604580959763e-02
1.362146046430474412e-02
1.213150777198104477e-02
8.772498318477449375e-03
2.338242179890158423e-02
9.499548126897331204e-03
1.828468223914792717e-02
2.378148538560821007e-02
9.606051688360530902e-03
1.065392415238113413e-02
8.394738290140353262e-03
1.645890848639702808e-02
8.432683130972897304e-03
8.611018805071491908e-03
3.320653105505804586e-02
7.307570654885716180e-03
7.294049883309118923e-03
1.172967577042784149e-02
7.030059736493103444e-03
5.516663779904991405e-02
1.811626379079143978e-02
2.255766202566846998e-02
7.501708229874876066e-02
