5.667772466635216666e-02
1.718712162089056916e-01
9.807791036319532182e-03
3.424271832622133305e-01
9.990021562296643731e-01
3.993900648254265773e-02
2.832282560091770041e-02
3.089910583706617642e-01
2.000966393870324406e-02
1.252672657124640800e-02
5.170280727927032555e-02
4.729349512537178168e-01
4.344280078087252653e-03
5.087994749125579474e-01
3.748969846317549148e-01
5.977002530989931062e-01
1.000000000847367065e+00
5.276789911302061098e-01
5.389008806435267029e-01
6.602944644799038643e-02
2.327569084778525199e-01
4.034068219833672475e-01
7.175838966115388740e-01
8.898828458935742480e-01
8.756840461474991733e-01
3.187524021228831383e-01
3.828676998362998130e-01
3.766426866144455543e-01
4.399546263767414866e-01
1.000240013055845534e+00
5.739207765581687548e-01
3.790249891776473756e-01
3.832172880916759339e-01
3.070730155435743083e-02
7.824801424359508623e-03
1.296528596010758892e-02
2.058876884283167980e-02
1.000003516838971374e+00
1.000064936803771287e+00
5.795529112631844226e-01
3.669752011549222148e-01
2.856630725773284807e-01
4.554483322583101068e-01
1.745507239438202074e-01
5.225174746715499641e-02
3.061093358982240331e-01
1.350193392976473984e-02
3.545356559713944838e-02
1.890342289851244459e-02
1.862504456558298771e-01
3.376404647217106647e-01
5.202859584545784649e-02
2.183772198809006554e-02
4.229243336139112269e-02
8.268291248722992384e-03
6.161502684544731823e-01
6.666700704390051690e-01
2.722663253503194158e-01
2.602456387898082202e-01
2.136906531408056809e-01
3.178151431721870090e-01
6.834462015879907981e-02
1.555394392778016409e-02
3.611900878873866572e-02
4.375978617173999219e-02
4.258851350650384726e-03
2.559215073166841714e-01
1.302128932792215310e-02
4.381523047496224677e-02
3.798844188850917375e-02
