5.986635753209397504e-02
8.165404882459242897e-02
7.738218586430624379e-02
1.351891682792415728e-01
1.034703803787263843e-01
1.743932358353763867e-01
1.936474099377998859e-01
1.007745604533795414e-01
3.695960941798990401e-02
8.070314843124792858e-02
9.696754166496561467e-02
1.338707508388176370e-01
3.327639580123650104e-02
3.298830162067655780e-01
3.166566782110543654e-01
2.484897168924148636e-01
2.424522529967579332e-01
3.384146554981487531e-01
3.312346961793951605e-01
3.469893952869630427e-01
4.832856631684798177e-01
3.189901815311304012e-01
3.120328942599276401e-01
2.825099978048540850e-01
3.212773768702619215e-01
1.238498927230703844e-01
8.472488836706226767e-02
1.278540011158790235e-01
1.493723750916214343e-01
2.062196570134075535e-01
1.414986754460518248e-01
1.211469839325902687e-01
1.509408355923388401e-01
3.555430714229970701e-02
6.949022079946307051e-02
9.310862297138025601e-02
8.687067658493521916e-02
1.304289959663151310e-01
1.441462391894636208e-01
8.214089216497075241e-02
1.294286404869657570e-01
7.581371114785050158e-02
1.379769569019528297e-01
1.270418707397854563e-01
1.461906294812077012e-01
6.244975144505029302e-02
6.268739508805877547e-02
6.653965736835366906e-02
1.026361978777564216e-01
9.528152416375443301e-02
5.533266223630225328e-02
6.024847777792976394e-02
4.435975162416980894e-02
6.255043981032550049e-02
2.655670625145551897e-02
1.186471110743782392e-01
1.129308766164832667e-01
6.096925588502739857e-02
1.197652177749714414e-01
9.919023122324242825e-02
1.184131398421754550e-01
3.064032146635165682e-02
3.810160702541828120e-02
8.614592814581296942e-02
9.206075115554053501e-02
4.576634437662481514e-02
1.264546775667918233e-01
7.872097923506701789e-02
7.463086205018285013e-02
1.370605371618248136e-01
