1.797896045500282924e-02
1.478872807477501529e-02
8.979290044512793639e-03
1.436594123227356509e-02
1.082474892204939379e-02
1.913935646231438442e-02
1.270224130623722192e-01
2.469959658569501060e-02
9.415622419821979491e-03
2.046865869759753598e-02
1.477000200479428385e-02
1.810758469441183655e-02
1.622957645355723941e-02
4.176602014127060725e-02
4.173797499395760779e-02
3.757062688542715800e-02
2.925294114120233907e-02
1.050922434665130661e-01
3.342126740563965137e-02
8.144112515997012358e-02
1.144932223400787485e-01
4.165863794393812741e-02
3.690565314134429398e-02
8.631421205112144168e-01
4.127042545465733209e-02
5.239324484076487293e-02
1.247656683854129860e-02
1.740326405289616477e-02
3.357733469142047678e-02
2.159308514002544060e-02
2.520900799058213224e-02
1.025865902685179666e-02
3.208128206804157501e-02
1.196055418719879811e-02
1.033842173740543227e-02
1.013985706176290767e-02
9.531487546065729038e-03
6.762416713852164030e-01
6.377924258308065308e-02
4.230413024091633778e-02
1.465046190708043858e-02
1.303882170407333688e-02
1.793235071872380931e-02
9.621667854215545934e-03
1.460308184652312803e-02
9.865881988180814910e-03
8.506164087441604391e-03
9.061031808641687238e-03
8.948967659157897048e-03
1.527453447289296717e-02
5.640600864162447284e-03
1.398770447220954762e-02
7.082474802896138524e-03
8.803027505525602009e-03
6.621548663144484308e-03
9.985257179790176657e-03
9.341251519822034444e-03
8.606348933125427397e-03
1.455752991819529198e-02
1.020092755649952901e-02
1.073872139736375617e-02
3.710875297254229242e-03
8.238926990793368071e-03
6.526158803584911072e-03
5.091497512979376375e-03
1.093936691104370820e-02
1.015072535202782011e-01
1.976957144088982085e-02
9.052045364511379297e-03
2.970787705534624207e-02
