6.006265056828001547e-02
2.133526698399019206e-01
9.918490850345840909e-03
3.887122619594843842e-01
7.689164039298472808e-01
1.758439492516513519e-02
5.311164531334393313e-02
2.045108435914117229e-01
1.436049443820828185e-02
4.108955634916822315e-03
6.643456332719475943e-02
3.803474686856450626e-01
2.527844915092116677e-03
4.789831136682486390e-01
3.477824021419169687e-01
4.600078468964297618e-01
5.710397509414633088e-01
4.591226385527161225e-01
5.142914929302685456e-01
3.016264478297228657e-01
6.234736894910277716e-01
5.883201866898626342e-01
3.840642937307329197e-01
1.331412498809475986e+00
6.573103857707528475e-01
3.819777662677207863e-01
2.790754161010718937e-01
4.253564232671901979e-01
5.368104895235040752e-01
9.649076156993052766e-01
5.005113187913056150e-01
2.893143008164578700e-01
7.979492956119900449e-02
9.239068935850194841e-02
3.660075960430068422e-03
7.727679136752455165e-03
6.828405724532015178e-03
6.888261816678664662e-01
5.904169307155007207e-01
8.106879517401648361e-01
3.236461338926360232e-01
1.678171495857884721e-01
4.086882234603634312e-01
1.259807180955175576e-01
2.349564875370645234e-01
2.966149218628804096e-01
3.730728456441365169e-03
1.140487900711342414e-02
5.999203056824415660e-03
1.822302854994975463e-01
1.457608731515799005e-01
3.989001327271096686e-02
1.448278428440528433e-02
2.860488293735567039e-02
1.093890074028650884e-02
3.883276905809353585e-01
5.722570473478267861e-01
3.694928470565084222e-01
2.577460672573209099e-01
2.519203573581761946e-01
2.648410295106334300e-01
1.142959957158852236e-01
1.019093204785674958e-02
3.111046444571036185e-02
2.544024058521850845e-02
7.612498912527359760e-03
1.698396694454317735e-01
3.109190636166946353e-01
4.459798438289968442e-02
3.838704586203976754e-02
