2.056836868255010244e-03
1.437237351915279460e+00
5.730465573078963315e-03
2.465593831176286516e-03
1.529808968599234431e-01
1.188078050370084196e-02
1.986119690484697796e-03
1.127294575095013907e-01
1.612415780359276185e-03
7.641719386099215692e-04
1.580372446357861073e-03
5.061315802514248889e-03
1.964010881056900588e-03
7.208191942359698512e-02
7.346304175817876259e-02
7.717872024927091568e-02
1.148211825898592525e-01
3.417089643453689093e-03
6.245418277673296659e-02
3.914505050101960322e-03
2.047690988338337625e-01
4.227295119449105826e-03
7.628140049266753098e-02
2.004762262204498879e-01
1.852347312871074625e-01
5.017760859431861231e-01
6.274107087716277072e-03
3.101903958480745627e-01
3.948039699464235275e-01
6.847293831834224687e-01
1.135269765082926041e-01
3.742839239551802415e-03
4.446440279230633695e-03
9.563521471800579682e-03
3.388451996642641469e-03
4.423056406038470938e-03
8.395372694428632557e-03
2.991669447749430999e-01
4.257646668760212694e-01
3.404244273521269681e-01
4.681476399424535501e-03
8.439263525500850099e-03
1.648917185279015138e-02
8.588172459229940353e-03
3.435536008061562587e-03
5.297158627113404336e-03
3.478935312741166571e-03
1.193853453007722755e-02
5.140464716792550633e-03
2.773997078294933739e-03
3.280984019684075794e-03
2.122224369220059373e-02
4.280481268807350553e-03
2.570343523510616388e-02
3.463151085378803670e-03
2.022537245886710765e-03
6.795701539128465307e-03
2.181222640691379312e-03
4.926676366644098387e-03
1.575972125443427701e-03
1.269361278200450190e-03
5.643055548892403003e-03
9.669926952109849858e-04
1.492273936104961682e-03
4.224433059916659836e-03
9.165172002657999764e-04
7.316493631829981692e-02
3.586269212686432704e-03
5.055449375560520930e-02
4.053416400778788418e-03
