8.572006257075492691e-04
6.029848931928662691e-03
6.727894842141214291e-03
2.214018244564583317e-03
4.891620838743035264e-03
1.128996760952286245e-02
1.936473822469288826e-03
8.285063378518484414e-03
1.004268621822329522e-03
9.402170298330916453e-04
1.225560398436840049e-03
4.280717057600571737e-03
8.710643355626478254e-04
1.363417464297405008e-03
2.045204409686494050e-03
1.203917458242300753e-03
2.278146741370214341e-03
2.359443537137768422e-03
3.343506414986568975e-03
4.173783044889298188e-02
1.091540727158659685e-01
2.553982559464499247e-03
6.390664068433781972e-03
2.125792933681645569e-01
4.264579338020454621e-03
4.865226734207131129e-03
6.470297415884712806e-03
4.451302982368511921e-03
5.538611964344223974e-03
7.378557128160970549e-03
7.224319356032961673e-03
4.206213830083660107e-03
3.942014929105360985e-03
3.992321531863398873e-03
9.209682827981530845e-03
2.227004499309004175e-03
7.247102713223487272e-03
7.416053395117072448e-03
7.412307181613818526e-03
2.828978638742868715e-03
4.104090277665558423e-03
5.990813444088478011e-03
2.516948674203097619e-03
4.238311416640321017e-03
8.984560247525582438e-03
2.136485080785571842e-03
6.608760027560051445e-03
7.298434216096205511e-03
5.173768977108366904e-03
2.120695368905969273e-03
2.986231251732935060e-03
8.392060928177940554e-03
2.582012470050757715e-03
6.376269890899654777e-03
1.492634055999752206e-03
9.279786259556313879e-04
1.874161763933339820e-03
1.549777055335211902e-03
3.466650775466379418e-03
1.574899956501441250e-03
1.190078185532604266e-03
9.586169323051749267e-04
6.696033089018805888e-04
1.136445646426697360e-03
2.612564114279796075e-03
1.056987826619472425e-03
6.656584365720806529e-02
3.655917069543576040e-03
2.086832429286854945e-02
3.893140563281234645e-02
