3.637331446400215128e-03
7.283959358017288999e-01
3.241365363716459252e-03
1.471355756465853384e-02
1.006105472263154645e-02
2.103775139799181002e-02
6.362548444202821216e-03
2.377935345710593257e-02
2.027006271531042909e-03
2.875584412938368868e-03
4.424602077584208724e-03
1.237878389403872584e-02
1.625265463375838437e-03
1.445054647287291258e-02
1.867480477902111122e-02
1.330332012555754916e-02
1.085634629588582388e-02
2.234874111346386166e-02
4.014639964260517668e-02
1.063129838818634501e-02
5.432567525011729875e-02
4.305472599027428127e-02
2.549380116209592345e-02
3.437790066091957197e-02
2.346397469924837650e-02
3.432964269858309464e-02
6.715193965981164359e-03
1.325789542797085017e-02
2.877375099373738476e-02
1.667988313046699089e-02
2.406359530391505991e-02
9.877791837363713440e-03
5.076595067986097373e-03
6.042377259270875420e-03
2.873054204717883590e-03
2.724447076924567911e-03
2.178059618979529943e-03
2.025334940080561474e-02
1.615748797158284011e-02
1.917699779214302597e-02
1.822160477079906929e-02
1.345022009942216726e-02
2.035356061024222452e-02
1.693981241063260285e-02
4.715301160239069277e-03
7.169646159202619842e-03
2.087807128040096005e-03
3.467681213192909308e-03
4.433185404890347889e-03
2.056164714527224102e-02
4.713353649804052567e-03
9.877535540716023826e-03
3.498490461605312067e-03
8.424035514214249162e-03
2.011075496918331325e-03
5.206750773086952534e-03
1.693727147271265748e-02
5.531771193138840421e-03
1.224968823692600475e-02
1.308507050397981000e-02
8.497847455088186966e-03
3.544847154667282729e-03
2.422528003707034860e-03
3.358946057564407041e-03
2.992717949057994726e-03
2.326845475755393976e-03
7.062135597404287091e-02
4.373390735890922421e-03
6.302692221083022912e-03
7.434505252384332463e-02
