2.033402496191611796e-03
2.041012286951507729e-03
6.261550580776775905e-03
2.284175657388957774e-03
1.664093392809474353e-02
1.158563441734250347e-02
1.723225981200288874e-03
1.177837352904784023e-02
1.724049120331346951e-03
7.600969131928437530e-04
1.670619117315847932e-03
4.805740345502655317e-03
1.914642508040075323e-03
3.761715571081580139e-03
2.900359164842552726e-03
3.170935164107951346e-03
8.642715360884277789e-03
3.077318503743118293e-03
1.356305396539980203e-02
4.800163963824938783e-04
9.036048082068631748e-01
3.287812488619641042e-03
8.470014782650853516e-03
8.218886325463868880e-01
5.986433582253905886e-03
5.417099884149283173e-03
5.739370156066386959e-03
1.522237207398372504e-02
1.013910122717685824e-01
9.208128985155741852e-02
1.664935940787305377e-02
3.803737303115652113e-03
1.117491787025089861e-02
9.487999336594893016e-03
6.290606327217918362e-03
4.145074381665636923e-03
8.298930509610918937e-03
7.023196518968142232e-01
1.004384595211132325e+00
2.870319451943954478e-02
4.534778233775533379e-03
7.682200826241940457e-03
9.028472262988335162e-03
8.722424767799493578e-03
3.158227213583665594e-02
5.052807680563422763e-03
5.786462500247334904e-03
9.437565562488165610e-03
5.731982619447961724e-03
2.549479975213015271e-03
3.339360870790326983e-03
1.386260435345713395e-02
4.191212661188043268e-03
1.383135980398581509e-02
3.413170578646114624e-03
2.035737008953455301e-03
6.524498582453294900e-03
2.225550784395065578e-03
4.999793556939345976e-03
1.487112153848110319e-03
1.242261892336740886e-03
5.670583928519911873e-03
9.173078146260480598e-04
1.427996180796893251e-03
4.299397791482572999e-03
8.950080046395098932e-04
9.171418334612230217e-02
6.014466260104030758e-03
5.798893826470572638e-02
2.364895755598555444e-02
