3.208342380431016862e-03
1.232741823444699278e-02
2.316488313660739103e-03
2.967887193110846367e-02
2.482358927114973815e-03
8.599444916307669856e-03
8.070082249496120935e-03
6.957572576147144292e-03
3.104963168105236843e-03
3.819842954886604192e-03
2.288020659896986692e-02
3.390953811724097596e-03
7.537534264752368714e-03
6.964011707474060398e-02
1.722401915290281901e-02
8.335768574297939409e-03
5.000090548167243805e-03
9.034088688417726484e-03
1.516307398686583471e-02
8.474641470287494482e-03
9.392107805872509374e-01
1.614170672883408555e-02
1.167239790961816827e-02
1.796930083664307481e-02
1.990475742088799321e-02
7.778833039139679099e-03
2.883061651314564044e-03
4.793986247098512739e-03
5.513776458789134902e-03
1.046326076657604423e-02
9.136652714779733980e-03
2.593000543088892686e-03
5.033093195740511241e-03
3.053824151502521587e-03
4.481368046156719402e-03
4.585681981763437345e-03
2.489702309511109771e-03
1.049412504546877803e-02
8.101874986370648582e-03
6.559221780835516533e-03
3.832296512413692433e-03
1.739308658121802714e-02
1.630954827976025673e-02
3.242231328100140305e-03
8.331368503897689654e-03
3.414440004538948133e-03
2.592369691614098640e-03
5.517114943137111857e-03
6.010093870722125683e-03
5.340308141528292765e-03
3.741926284535826343e-03
4.926901725547408635e-03
2.220025829169014302e-03
4.127961961804047300e-03
2.237227649497514417e-03
2.726462417941727476e-03
2.748085533581807148e-03
2.641634738529660513e-03
3.871642819332409002e-03
4.135626241784676367e-03
2.618751724612840975e-03
1.345966297350479181e-03
6.712800870508686506e-03
2.167832782973388994e-03
2.333307730807115520e-03
2.722500439109739115e-03
2.270917898728765788e-02
3.868628900018652311e-03
1.803603721630605422e-02
1.146514863024744244e-02
