1.362451041604002561e-03
6.741043303396525299e-03
1.982900345217453696e-03
2.369352393396657614e-03
2.458422777841703846e-03
9.256533458619861654e-03
2.605063127634423339e-03
6.193499427642407476e-03
1.267998147816720668e-03
1.418976790402909968e-03
1.680530331248795278e-03
3.124818349412359850e-03
1.084106509748347311e-03
2.078563510900372641e-03
2.799326941913528495e-03
1.907550421400126209e-03
2.858870690082386101e-03
2.927703549955233079e-03
3.457056433569570021e-03
7.758188896758057632e-03
5.551630356955450547e-03
3.182294864554959749e-03
4.845779934428208133e-03
4.102790160664057835e-03
4.875428908048528090e-03
6.372851836807162315e-03
3.021927563583833021e-03
2.657850351366218035e-03
4.388549788446279888e-03
4.074004489048113631e-03
8.555116401226737360e-03
2.294883970136655637e-03
3.044930625076796259e-03
3.012768604663744292e-03
3.669782932408210876e-03
2.419166800234464135e-03
2.702281712501293162e-03
7.520634821100502694e-03
4.655720753571319405e-03
5.328636498226775250e-03
2.356862430501922671e-03
4.584571323125693695e-03
3.828998030090658387e-03
2.342144168040512925e-03
2.327901835612835712e-03
2.465818443495337506e-03
2.607246244944199168e-03
4.398383808741361707e-03
2.565478876765110543e-03
2.580435603290479052e-03
2.549229007001424692e-03
2.805356026568335808e-03
2.206625523316133736e-03
4.100030181594879058e-03
1.525928804860871707e-03
1.545981584480805859e-03
2.810360837334401930e-03
2.136627957319126633e-03
2.682718297654879212e-03
1.675733120793120728e-03
1.481020728145320074e-03
1.293961414606265709e-03
1.019042658190664682e-03
1.151374824359724727e-03
1.944834367736945815e-03
1.118395777237556326e-03
2.352422281916538571e-02
2.706346753381595055e-03
6.156962575674486578e-03
5.897499700297103783e-03
