6.266551020699924479e-02
7.120870872434208820e+01
1.246434947796875269e-02
3.946304006596972891e-01
6.175637913771204746e-01
1.466304852197640798e-02
3.176027902271724157e-01
3.834208906964059471e-01
2.346504277848072917e+00
1.818443077335953756e-02
2.069776973372282336e-01
9.240059559757726748e-02
9.406316175093733634e+00
1.174642724335769328e+00
7.144208815689828684e-01
9.720385865879391796e-01
5.289387558445789450e-01
5.824744832613472090e-01
4.181410782885183197e-01
4.651783800869500607e-01
7.866200845744359071e+01
3.288771005871969355e-01
5.410238430378747632e-01
1.343253199121673402e+00
2.296977513925158920e+00
6.661924629152569999e+00
2.942695105932484068e-01
1.886154850693055884e-01
2.061087209694844324e-01
1.154224459015230186e+00
1.123395814411121352e+00
3.537369737741541398e-01
8.021623113172202113e-02
2.146652128127844783e+00
7.431010140357241500e-03
1.524228735827150849e-01
9.367118180545405681e-03
9.651615640800703488e+01
6.919137287097710498e+01
6.622913423806502919e+01
8.845135032628723137e-02
3.364222787793765268e-01
1.469605078930112385e-01
3.186295072862448119e-02
6.428366819359729312e-02
7.770223824396026435e-01
1.731631780659768569e-02
1.914957757898936089e-02
4.453593743423746310e-02
1.073408739439843523e-01
1.151993111866056463e-01
3.244645379398551632e-02
1.140593292288304417e-01
4.845419921312423689e-02
7.511380104446925721e+00
8.999625467078878893e-01
5.199569732366631225e-01
3.254490886121241378e+00
3.443312911806087895e-01
2.647310754211661954e-01
4.443337592731372854e-01
3.949185679128795101e+01
7.168574266669585526e+00
1.318161739976480840e-01
3.036711554930203102e-02
3.038634643204668473e-01
1.079436080856015778e-01
1.086557465352835150e+00
5.282377594353806355e-02
1.075519909656796544e-02
