4.296837107667737105e-02
2.223379289220494062e-02
9.369440108683638191e-03
3.783277575047853253e-02
7.714262816385820676e-01
9.069245339440302339e-03
5.135720690208415290e-02
1.280914117756803416e-01
1.537881096439922338e-02
5.145680818167251702e-02
3.863681236217945958e-02
1.792492138495123052e-02
5.394462435298659209e-01
9.916936714889557081e-01
2.619999444383506182e-01
5.560868762483860417e-01
3.582171606052432233e-01
1.856206524032962379e+00
1.932368011030208554e-01
4.271959516338767748e-02
2.109400142438663472e+00
1.784842206132880860e-01
2.481596500877886469e-01
1.070471162043321156e+00
6.028389542631453768e-01
4.596447999250077854e-01
1.180957806972700655e-02
2.169619087370722177e-01
2.669286011109728851e-01
5.012593175198715167e-01
6.778418318314425317e-01
1.442736033116386041e-02
3.611270922214981360e-01
1.908855621565159338e-02
7.387879847108441526e-03
1.130379801387166455e-02
1.313968828270385344e-02
7.574945070683906101e-01
5.280345020445521564e-01
8.591535860818722004e-01
2.037299921725855417e-02
2.579839265371119267e-02
1.808285043241541698e-02
1.016917485895946563e-02
3.017973493007403141e-02
1.127296899465890859e-02
8.620930916940796468e-03
1.525891013875633681e-02
1.060262033077126811e-02
7.824099022989697977e-03
6.629531529616939853e-03
2.436979305705632912e-02
6.900223348201374451e-03
2.885300570619892674e-02
9.151332824760719659e-03
1.724390829589557070e-02
1.500349210875534002e-02
7.093417586733354041e-03
1.659753261094506008e-02
7.855043212705034930e-03
2.314900901864425792e-02
7.595513908052629534e-03
7.500445351130600839e-03
5.005053740104848693e-03
1.031886195612472662e-02
8.699462789852358685e-03
8.392815929317953838e-02
2.187835060443280022e-02
5.175190486888686658e-02
2.893072580942713731e-02
