2.106281695703718371e-03
1.071794017002492272e-01
6.276042802145688319e-03
3.739336536956662516e-03
6.563939946005532822e-02
1.864014193355741436e-02
1.914981230639519697e-03
1.752569901233030913e-02
1.702389221065794041e-03
9.437104416630679371e-04
1.418028372502499763e-03
3.921893286442382047e-03
1.917549565303458504e-03
1.289140741863924536e-02
5.542774152384728412e-03
5.421765338746474712e-03
3.140972865413342585e-02
4.236727682917358628e-02
1.359532626094003480e-02
1.367500093268974627e-02
5.758163346572834351e-01
6.053437438444434458e-03
6.805463029744650630e-03
6.289275406374599253e-01
2.703767693150371798e-02
4.911076895056774166e-02
2.642592633539825320e-02
3.372959769155948334e-02
7.803533469917339760e-02
2.603086730147541328e-01
1.977281573869737186e-01
5.643458620259974960e-03
9.977036221382339434e-03
1.765326542485731731e-01
3.160571927735050281e-03
4.356614335557439446e-03
7.336438382181674142e-03
7.497590718457163295e-01
6.817926293840863572e-01
2.867782891396240125e-02
9.163901101463997265e-03
8.537765661744968829e-03
2.797827410607985760e-02
6.773459351530069714e-03
1.153452612586629289e-02
7.237820993774943257e-03
4.504207248319063751e-03
1.830649203873581030e-02
5.123334791783817552e-03
4.325168241158893097e-03
2.969414135406705894e-03
2.211366240661679153e-02
4.206229059473573333e-03
1.561044533582328642e-02
3.409196418159270853e-03
2.062365075495523926e-03
1.802119857275676432e-02
3.148030766534358569e-03
1.267945661633801957e-01
1.126547745978839993e-03
1.231418524430650781e-03
1.221665013432907121e-02
3.741202561257550747e-03
1.452764950877042088e-03
2.937357914188417924e-03
9.256498699650178444e-04
8.559535084261392368e-02
3.595110576211024700e-02
5.860035520203928788e-02
2.025861704908110336e-02
