3.146259210886832858e-02
1.010517013144544424e-01
3.387234807667809794e-02
5.691153134006592118e-02
1.911249165128329347e-02
3.830173795675199944e-02
6.007390190882803960e-02
6.710913603680933315e-02
3.114734633411567200e-02
4.591199237801085742e-02
6.669822210358558601e-02
3.220216151838298235e-02
4.695594891125341730e-02
1.750933799960930348e-01
1.117404584565839798e-01
8.318353712389735255e-02
6.777180786140268864e-02
1.264009164069914704e-01
3.367303269127047693e-01
6.211673089373065393e-02
1.502297462683785945e+00
1.306708642990040414e-01
5.665846374457472745e-02
2.474325563682383822e-01
8.596171192651044790e-02
7.573856007599114037e-02
2.701322256195276550e-02
3.362111419941320872e-02
8.639657577056827908e-02
3.508336573949690645e-02
3.284517276318903861e-02
2.335587165588725450e-02
4.647614670687157806e-02
3.248410879850491956e-02
2.029465746024577966e-02
3.843379897015214430e-02
2.259796522010641337e-02
1.264646894943653177e-01
1.372807485923286941e-01
6.133183309258190968e-02
3.069283071988868766e-02
3.416198206142807836e-02
3.284703594863851855e-02
3.247885029567375292e-02
4.075307346149004140e-02
3.072439582675333750e-02
2.101129052262762364e-02
1.881204349870321119e-02
2.004582985927177291e-02
5.052860765206836774e-02
4.059463319600345454e-02
2.124404407834502503e-02
2.097551572208318851e-02
1.185438214868948445e-02
1.922957784779601859e-02
2.520480881336644233e-02
2.165434423766917499e-02
2.516219883243745944e-02
2.895424538482994220e-02
3.532080455030751215e-02
2.604942029355036825e-02
1.168382879366558144e-02
2.910551457022741983e-02
1.994039450797276819e-02
2.428938541913476870e-02
2.611250449518627212e-02
6.982353546977540515e-02
5.144842508347276244e-02
3.839331475121120218e-02
5.172080906757833135e-02
