2.869759798630341485e-03
3.512794571597484261e-02
3.230367971232030178e-03
2.084245328862922852e-02
9.719244516873703707e-03
1.559545761301231112e-02
1.764411578971745651e-02
2.290918350960826494e-02
1.647403734972792454e-03
1.140922909464223492e-03
2.343903644346618208e-03
1.447202161250106187e-02
7.838642002547255641e-04
4.241905793762246191e-02
1.492371015582561258e-02
7.221250706589042723e-03
8.665048327248172852e-03
2.777501044772159866e-02
3.690240866926437768e-02
9.805357380581251198e-03
1.823499880291850825e-02
2.340057821168680524e-02
2.322800055410737322e-02
1.350720515378254528e-02
2.827493120990867692e-02
3.495289019429458771e-02
7.964525182117593652e-03
1.308489294746815503e-02
2.766853492466032211e-02
1.809606096306318884e-02
2.322979415176516446e-02
1.011229869152045421e-02
4.441109878933386518e-03
5.290954706350537579e-03
9.376337072777525322e-04
1.361807574632677847e-03
1.883069017567311990e-03
1.283253916272722103e-02
1.882209689405247438e-02
1.740528111675601619e-02
1.677176608608668337e-02
8.627904337811126770e-03
1.689825987285943285e-02
1.481781719029848753e-02
8.735930435978393402e-03
6.792807705550784995e-03
1.467155234685790267e-03
5.261427046661800236e-03
3.479153243985692780e-03
2.123059305988323625e-02
4.329801881139856701e-03
6.713293975600466250e-03
3.249470615261399516e-03
7.314989319394926345e-03
1.888456242643373655e-03
3.994787461349219755e-03
1.341769061184922528e-02
5.381947530573819895e-03
1.180496970274697716e-02
1.217312242079857457e-02
8.402169929919383815e-03
3.428088297960123296e-03
1.527456349597293992e-03
4.027700856854801899e-03
3.171687275493038829e-03
1.523795046451206477e-03
1.116845239072900425e-01
2.691509796613742334e-03
1.018339807628369266e-02
5.047992192720798105e-02
