3.054556397608989421e-02
3.511587458298681130e-01
7.668302041225294116e-03
1.328133104703638212e-02
1.344225792382739218e-02
4.791934627424619675e-02
3.579982124018039891e-02
2.946350146984443724e-02
2.554460354019454787e-02
2.632846054623062468e-02
1.944136673991708059e-02
1.241604082039005248e-02
3.535116391395513175e-02
3.262398698605985942e-02
1.563842427762972623e-02
1.531405463827841852e-02
9.195255867278550460e-03
4.918641414755919872e-02
1.551369031614912609e-02
1.907031657353017856e-02
2.890762143493500955e-02
1.731337674311713912e-02
3.345156887529900785e-02
2.497749432404564041e-02
3.251283883843999328e-02
6.626446937835892004e-02
1.631839177585965237e-02
1.193478395054415817e-02
3.854891985892701378e-02
1.648296702165237201e-02
2.958059219486702807e-02
1.046494689514279944e-02
1.906698789651297549e-02
2.099991339800764273e-02
1.025953564135025607e-02
9.372539779116534353e-03
8.740380876117387690e-03
1.349890190034295223e-01
1.728456785267356785e-02
5.602987331544647537e-02
1.031644682020988260e-02
1.146406618814858544e-02
1.922582225102046488e-02
9.746635670104517035e-03
1.411676654358541907e-02
2.167149864988504940e-02
7.952443869915226671e-03
1.152263723222827531e-02
7.976236066872444477e-03
1.123493010205797032e-02
6.448004339723818756e-03
1.673038581792689328e-02
5.678695565102973193e-03
1.224375679555078471e-02
1.698685306668014719e-02
1.524439435674576279e-02
2.404020851827270294e-02
2.602910391543312302e-02
1.432995232085733719e-02
1.501842511196168836e-02
7.288805775990707218e-03
1.082371066911008532e-02
2.595654312346589235e-02
6.276129524656897871e-03
5.235758017190978754e-03
6.775366997357840093e-03
7.019667667031589953e-02
4.534924452484891816e-02
3.951488408202615682e-02
2.601577705621464093e-02
