1.917830392026980135e+00
5.945282354432149674e+01
5.712173704966363313e-02
8.327053237474361103e-01
3.239698965716139689e+00
6.865051328874530179e-02
5.798496323066824942e+00
4.114718197513055564e+00
4.218260265778703655e+01
5.071014997705024507e-01
4.225422754601041220e+00
2.404750221755070361e-01
5.230818112924247032e+01
1.117749900045881040e+00
7.882455341501624080e-01
2.182907164600641714e+00
1.710277209443708868e+00
1.754277720456576262e+00
1.858577172665407673e+00
1.080276788475453742e+01
9.103429235830287070e+00
7.677795344484802387e-01
3.378126297536764078e+00
9.551442651616184332e-01
1.511344395039452948e+00
1.670649194251781378e+00
3.156555451432661474e+00
3.126211470046035279e-01
1.246333246483771973e+00
4.028085169025049650e-01
2.381231751353535042e+00
8.117392823903571974e-01
1.531896944175008102e+00
5.946101646134015262e+00
2.321344665679407268e-02
4.572623995140400188e-01
4.814591700296127347e-02
1.148708450834170947e+02
3.404405855435635342e+00
1.547909110334097136e+02
4.066151753171426964e-01
8.136483296547819544e-01
2.016595546194498989e-01
1.659373881047224719e-01
1.766456464293236217e-01
6.943064266100519077e+00
2.515729820045508464e-02
2.665432168108309435e-02
3.931183112984547312e-02
5.496802686054892417e-01
1.627595646700906284e+00
3.474817863587951333e-02
3.423061500489708031e-01
1.024359722982699089e-01
2.857679270568878138e+01
8.345361362040717434e-01
9.989653741218434968e-01
3.253011988420509226e+01
5.531977752320059727e-01
2.528480731078995847e-01
6.595862550705060556e-01
2.919434422831186637e+01
5.281906059556970234e+01
2.107189872979283451e-01
6.155236059458729647e-02
4.422558554540962916e+00
7.713146834195216961e-01
4.060081516515272604e+00
1.814724633878062598e-01
2.684884845511629203e-01
