2.311986996867707381e-02
4.679493894710375079e-02
1.684120545643527297e-02
3.305450201877677824e-02
1.695671104682441865e-02
7.773367425698805844e-02
8.392698872452321324e-02
3.592309878986897631e-02
1.456774588596870292e-02
2.852923575565215544e-02
3.192473739164848612e-02
3.117788489622523238e-02
1.318467792311525145e-02
7.297731666772991344e-02
5.561138290072931145e-02
5.024027342048762584e-02
3.075666091964933055e-02
6.453607171267226883e-02
7.734061244468447283e-02
2.881418991496431103e-01
1.024032631373954727e+00
8.260490514556896591e-02
8.454529910187717767e-02
2.184720625989571702e-02
6.485981477197837186e-02
5.197362000277612470e-02
2.230380135946846004e-02
2.601176724169760798e-02
3.903627622303658395e-02
2.796344283926090538e-02
3.975777851966834364e-02
1.857193347643485565e-02
3.821314081579359201e-02
1.464501878109111810e-02
1.963514834044714774e-02
2.351310269621656804e-02
2.017755045650422574e-02
4.318226052407115462e-02
4.225815094203001776e-02
3.968948545652640353e-02
2.925957796254163162e-02
2.438327031158299754e-02
3.298909329902437182e-02
3.018706641369744981e-02
1.499359096810936286e-02
2.431173360770314332e-02
1.874370622169184777e-02
1.720738673164825400e-02
1.983147559285631384e-02
4.562753633114449009e-02
1.550466430446073574e-02
1.535654907010025952e-02
1.278299177281374752e-02
1.096714955478773554e-02
9.837284434401129610e-03
1.960325631081808254e-02
2.831467565577424142e-02
1.719397062360539241e-02
2.583991427928483686e-02
2.985969947817485731e-02
2.149565704824092996e-02
7.276305432043508881e-03
1.872469117028680019e-02
1.611781024829951267e-02
1.571363630119907567e-02
1.682462131069118252e-02
6.918900184341182646e-02
3.819065873554337159e-02
2.572289374090809891e-02
4.168290975215206001e-02
