1.374181915278287897e-02
8.715014192031220880e-03
1.018208539831917323e-02
3.381214476357363285e-03
1.987480955023773407e-02
9.574101442707728948e-02
2.333935231760663268e-03
1.305821267315069450e-02
1.386432913858644516e-03
1.044408015032852926e-03
2.053347176659931980e-03
5.917607292152591257e-03
1.291896297580828745e-03
2.038161621383720225e-03
3.257339904499591265e-03
3.141206180306729302e-03
5.920715573978257290e-03
4.393321911611546178e-03
6.127874954392302335e-03
4.573683384882832464e-03
9.656092600272406234e-03
4.099808995797797444e-03
1.163040388561521060e-02
5.617414413939748885e-02
8.038500937901477475e-03
1.416305968564405930e-02
1.188523917593309852e-02
1.049520365657809554e-02
1.854182892553763243e-02
1.381659087421213163e-02
9.728279453239661867e-02
8.436590181423038806e-03
2.356450293175080604e-02
9.159822392231427649e-03
1.124931813375358927e-02
4.813542550802201239e-03
1.110699156657556780e-02
8.803115251526692775e-02
9.536102304911767136e-03
1.568307087852391715e-03
7.810175061917026991e-03
9.488817068009747224e-03
2.358823973550573314e-02
8.433183961994895547e-03
3.749004418521823673e-02
3.491707164376580633e-03
8.442457379435939699e-03
1.353382973941566828e-02
9.320873885314885990e-03
3.660422687578413457e-03
4.570388634051790987e-03
2.838836196447928201e-02
4.591290424159242059e-03
2.503494058969626263e-02
2.617926610724732091e-03
2.018651193052708147e-03
6.900597131350905480e-03
3.037982371509375182e-03
1.478947358486123846e-02
2.172968503175358532e-03
2.151925402560715510e-03
3.633718517260192769e-03
1.229951306570160278e-03
1.776107771853878631e-03
5.788648735731366859e-03
1.331130843818947038e-03
1.164911791568243871e-01
8.513661341823691373e-03
7.146505709540949824e-02
4.325003698001594205e-02
