1.461425539438966723e-03
8.059424230872068787e-03
6.514099404463694065e-03
2.979621993290400891e-03
6.948297706153733558e-03
1.358258757658610018e-02
2.484540130182447213e-03
7.812960662424633246e-03
1.211933717036095103e-03
1.565323700902176551e-03
1.967500201734957363e-03
4.085388170501131136e-03
1.196333879588853955e-03
5.927037855393309587e-03
3.083985762099492912e-03
9.068024385174148702e-03
5.941375218312566417e-03
1.529404567728521666e-02
5.224841019855196514e-03
3.205917196265362090e-02
7.389495442276495796e-01
3.376657050358933959e-03
6.107360296295062316e-03
8.839918446979651012e-01
5.639601923357397649e-03
4.494234123541910805e-03
7.762351719484729407e-03
6.191064679877891427e-03
7.941207780364348268e-03
1.622614465211946744e-02
1.052441927627678978e-02
3.842088168612580509e-03
5.249095689923412300e-03
4.230262715890227565e-03
8.217521349909140058e-03
2.334347776205434634e-03
5.242129099745659535e-03
6.885899281037889397e-01
7.085604012385974745e-03
4.915706899396962877e-03
3.966825837631362921e-03
5.986157678496086335e-03
3.455097149317441947e-03
5.090637422248954838e-03
8.351047146370908780e-03
2.307406594405199234e-03
7.045674431514469156e-03
7.187239782871999647e-03
5.303916321748875472e-03
2.851708321209785006e-03
2.636039429127902227e-03
6.725479022050527556e-03
1.794602114313990958e-03
7.009522843684734723e-03
1.375248298442782995e-03
1.517419725881736115e-03
2.422404722506435720e-03
1.859853212370342086e-03
3.320421861276157214e-03
1.879633503291220894e-03
1.567198112937393710e-03
1.060881081551809423e-03
1.133826765610753502e-03
1.204295695716840016e-03
3.038238257439246533e-03
1.259694716340780968e-03
3.045489818911732358e-02
4.131377589054245798e-03
9.300868071585480928e-03
1.647094874286676031e-02
