5.971700055153184028e-01
5.478144585386456811e+02
1.457039365630308780e-01
2.380739121609475095e+00
4.373602619558409899e+00
8.750990005712337705e-02
5.728022664513112261e+00
2.941072474510034507e+00
1.722930294665351170e+01
1.922202305649531318e-01
7.955147710591436994e-01
8.132159776889762437e-01
3.835031680913370167e+01
5.366990871818382303e+00
8.055212580831582869e+00
7.445484824294808845e+00
6.603150474383705060e+00
8.171584417699950365e+00
4.019024135243084217e+00
4.273639947941839878e+00
4.184922628532247302e+01
3.032482880728108121e+00
3.902008427950069969e+00
2.092094081956682228e+00
4.258494425514076198e+00
2.245294462697826177e+01
2.148785673281465414e+00
1.635242963196815724e+00
2.327149722897180695e+00
2.890999180986683736e+00
2.515653991276907586e+00
2.247749191687147263e+00
8.395400792936200673e-01
1.457925809784085303e+01
3.104205915188553572e-02
3.779547974966802615e-01
7.626108990640570462e-02
1.175197621267462182e+03
2.142498408605561906e+02
4.932011493654614469e+02
1.112314037362368779e+00
2.120199866589790538e+00
2.202539408727487713e-01
2.611912238581846069e-01
2.914686926584659221e-01
4.006304426280117070e+00
2.844815850420647635e-02
1.951005814749056377e-01
3.035222973646812747e-02
6.653082900730910021e-01
1.038979759444769169e+00
2.763955779877937946e-01
7.134966540367747578e-01
3.846840828084215902e-01
2.972040997026588371e+01
2.504655938756944700e+00
1.125651326232510963e+00
1.366784554266494922e+01
2.672424443429754604e+00
1.370576511962984689e+00
1.506260395695374399e+00
2.115651237714505442e+02
3.681243172310152545e+01
1.207751265926876982e+00
2.071538792160816933e-01
2.809066291102171320e+00
2.545450374507310376e-01
5.577048708816073841e+00
1.327908155556494982e-02
3.499959556493703605e-01
