1.485691596801123546e-02
1.091103007339419215e-02
1.351260293114446911e-02
9.847914863781708633e-03
1.614003200002572455e-02
3.204341318184700943e-02
1.092969945339461457e-02
1.809016610696777966e-02
6.997302106366782952e-03
1.381906126565076234e-02
1.223141011680516435e-02
1.628582381501025855e-02
7.858801821927923620e-03
1.193438063256251763e-02
1.157059633636895075e-02
1.247864361532591282e-02
1.424738466963541839e-02
1.178578460558684857e-02
2.036140651786172429e-02
2.231161095693683788e-02
1.980273095398781824e-01
1.052655236837064974e-02
1.708559744475784264e-02
2.807972503311362833e-01
1.610614516558326811e-02
1.529125649534435541e-02
1.638831472886340818e-02
1.463097733397632216e-02
2.620031159579153807e-02
3.971401102373545156e-02
2.446553718343444372e-02
1.354074901349630600e-02
1.136056729236684104e-02
1.374047614688430827e-02
1.423746224025111695e-02
1.337696998113306265e-02
1.563373150186055799e-02
5.954547594713396202e-02
1.953348366667989056e-01
1.294301075076630114e-02
1.175491000564539076e-02
1.347233591983492199e-02
1.764276341309947010e-02
1.137684765251222550e-02
2.046768942385470552e-02
8.573652978472406580e-03
1.161767656090065270e-02
1.752180594101485772e-02
1.177780092519966661e-02
7.417103257666224705e-03
7.886486502083275840e-03
1.923167929651536240e-02
8.647627464281553919e-03
1.897588232853349155e-02
7.565375260854821302e-03
7.463567088856730078e-03
9.161933700468053929e-03
8.213394468493662864e-03
1.555166003085294360e-02
7.570016045977315429e-03
7.440710463694104500e-03
7.147703357719158157e-03
6.838808696262509493e-03
7.115201623428085882e-03
9.544171909697467260e-03
7.041997170142581808e-03
6.879536140047920467e-02
1.262307092056403138e-02
3.180157595447356128e-02
3.152469676721977171e-02
