2.842854634862439916e-02
2.155043213776850625e-02
1.579860008065975957e-02
1.786993311600434606e-02
2.164257598969802215e-02
4.567024160049468900e-02
1.160227636658736350e-01
2.803308663024998287e-02
1.397512611570519113e-02
3.212722893756967540e-02
2.893374757212485715e-02
2.463541159265791175e-02
1.574858506678619360e-02
1.035912433654966325e-01
4.342749850074669599e-02
7.271554246915959419e-02
6.869454993129019138e-02
1.601370013099877032e-01
5.131810282118587363e-02
7.560873709121029851e-02
1.745812662600061960e-01
5.454438104614049015e-02
1.049423804553826917e-01
8.790710937327416152e-01
8.488390909856889655e-02
6.184610577572885459e-02
1.908817929674973962e-02
3.284935118825411948e-02
4.992760082285598033e-02
7.265534464941172943e-02
3.723931183183527838e-02
1.948576458143294263e-02
3.086918433112127366e-02
1.808930628561420534e-02
1.554849522055314938e-02
2.109705043508600802e-02
1.734226734282342045e-02
7.466665704009066706e-01
7.483091253016568856e-02
5.837783737317636668e-02
1.994857473544941334e-02
1.787858515076399049e-02
2.660161174939659756e-02
1.718776109556667195e-02
2.315037035943722649e-02
1.605563205732490201e-02
1.398539039701213703e-02
1.849695329631512522e-02
1.649592166496442053e-02
1.824902978385669824e-02
1.047056116313323584e-02
2.311246466365735400e-02
1.169760189278575349e-02
1.890304653698019269e-02
1.149462289115651785e-02
1.553030214089279847e-02
1.352155275795280387e-02
1.451555210907043425e-02
1.935661190615949739e-02
1.827659189974752477e-02
1.505442210894808105e-02
9.389282892541775394e-03
1.575723619493222052e-02
1.210125721638098326e-02
1.157701533688290825e-02
1.424519384079795184e-02
1.166378432846450208e-01
2.571373417079408225e-02
5.427885169231181500e-02
3.979572743482646252e-02
