1.685137848223061396e-01
2.069261752408174115e-01
7.279396484116709698e-02
3.605329944187387614e-01
9.989393701038601359e-01
2.461447696593388468e-02
1.132274612774926414e-01
3.930909109435489768e-01
1.197499004553161939e-01
7.919630122183854426e-02
2.291570968233587191e-01
1.844872139446876447e-01
3.083339136191358756e-02
8.507852976690835067e-01
7.040097307518633496e-01
1.000000000848470849e+00
1.000000002970445001e+00
8.807260018713073402e-01
8.171468804638777339e-01
2.172130258218123999e-01
6.584248539754627316e+00
1.000181420615066541e+00
8.257278323475846227e-01
8.799819021454841073e-01
9.548180327211083229e-01
3.326716869180601499e-01
9.346139322403548277e-01
4.503468633258440046e-01
4.960593821717891316e-01
1.000318763862729776e+00
6.397276380266335716e-01
3.978584040409407496e-01
4.355069565071721938e-01
5.152456671900965818e-02
4.217381810896207034e-02
7.775780355465075622e-02
1.081990261957667399e-01
1.000003476161009486e+00
9.918010083987424119e-01
5.991362065019536498e-01
4.385658869700846951e-01
3.493476488272133640e-01
3.485394201653152502e-01
2.600897648652270577e-01
1.166384201549372224e-01
3.516575105206569130e-01
8.001272326179124927e-02
7.240388555124407932e-02
1.115042064932506988e-01
2.201120322893300452e-01
3.388250467750664741e-01
6.570506349276014624e-02
5.062018728963004616e-02
6.304606570700956036e-02
3.974020383047997818e-02
8.889935221193649983e-01
8.081776389557046025e-01
2.128060733838609830e-01
2.784187442180754424e-01
2.917953042220929882e-01
4.765240458564614090e-01
1.096065124568930821e-01
4.039463181243386353e-02
1.319280808545398309e-01
1.113628452478452741e-01
3.695594907839840765e-02
1.779399096996130414e-01
9.699519598738089166e-02
4.269579399759503707e-02
1.223157991563551816e-01
