6.800015139961105293e-01
6.619421779490332938e+02
2.322134076749820392e-02
2.488856798742954624e+00
4.032213978098701190e+00
3.387797500656212352e-02
4.245899157753600939e+00
2.322778026752631231e+00
1.956022958919093213e+01
1.384591146553702801e-01
1.821227207260202319e-01
7.192191719277090112e-01
4.162922435089817697e+01
9.165136339526224418e+00
4.660738441141656807e+00
5.691094260360154422e+00
7.222340344381220412e+00
6.157651520227071629e+00
4.662721387348483404e+00
3.690408725594564121e+00
7.159434943588897795e+02
3.081915641755437196e+00
2.283521252527975776e+00
2.136264816593248295e+00
6.473117101203932577e+00
2.423056331966481380e+01
2.429732881594293126e+00
1.656996732482301171e+00
1.801218091337963401e+00
3.848848615761210290e+00
2.693076870040046700e+00
2.190957490401860497e+00
8.005696789925560442e-01
1.797119349200676908e+01
1.753661483102552168e-02
4.386026436403508283e-02
2.998836794726757529e-02
4.619266712624565798e+02
1.349986707419873539e+02
3.206293215818955105e+02
1.263890265596374851e+00
2.242607223070778311e+00
2.206012467288272771e-01
2.370351842831616707e-01
3.414256215686176654e-01
4.064715879879731375e+00
2.049911363363387390e-02
1.597983291826621591e-02
1.571630171529425288e-02
7.701672577039713197e-01
4.208387298595749892e-01
1.260330509211241359e-02
1.835635132643514619e-02
1.604858223639014231e-02
3.026129114273926390e+01
2.293983018305782107e+00
1.098751835344100147e+00
1.374591461367961998e+01
2.234508418767216398e+00
1.557341609982188180e+00
1.207283542859036718e+00
2.726004413787212002e+02
3.452889984920023636e+01
1.063351075426230752e+00
4.229130868359465278e-02
2.749704261227568433e-02
4.433717836194451811e-01
5.008421129794884408e+00
1.573005047870361384e-02
9.337391419533733194e-02
