8.091966352646442562e-04
6.929318328204671189e-03
8.862823480823081579e-04
2.304944515850790212e-03
5.785760282751728316e-03
8.520241616766163761e-03
1.457176693812555716e-03
1.675173189363477876e-03
9.517813681388356730e-04
9.391219331338331250e-04
1.018502737179763319e-03
1.465147191754596337e-03
8.168088254371958391e-04
9.299114472640087692e-04
1.490524728971775537e-03
8.197161727025127284e-04
8.196909314871735075e-04
1.581713703199814133e-03
1.702020131928590283e-03
1.507802258731274613e-03
4.263228078069987437e-02
2.403979952062308863e-03
2.501591056242706730e-03
5.348502226394444628e-03
1.877229155999489809e-03
2.405942234713308141e-03
3.963862407824935569e-03
1.381819061549016594e-03
1.025926414564403560e-03
4.036744041698904842e-03
7.175188696814892124e-03
6.975715791628377170e-04
4.988732920538188273e-03
6.492032416404098279e-04
1.115407522292571939e-03
9.610745303523422507e-04
9.346942561114819767e-04
3.384675756205270027e-03
2.138781644800978859e-03
9.346299165421192989e-04
8.950156453389403622e-04
1.028745596941802159e-03
4.253502154113906683e-03
1.235298959622547132e-03
3.579484339627994095e-03
6.811499806197273809e-04
1.775649073635356080e-03
2.345822684194481898e-03
1.174549240852377965e-03
1.751109594232935687e-03
9.786775742877905620e-04
1.911372628844983405e-03
7.193829759128786850e-04
3.746374740641952080e-03
7.291984253871670266e-04
8.782396785581871295e-04
6.659227843446461964e-04
9.618980471106618191e-04
2.382904847689509224e-03
1.239254237183933481e-03
7.479286945398476438e-04
6.847803191646940901e-04
6.684938829824155215e-04
9.311321110290705829e-04
1.258248160777096936e-03
9.649298589130978756e-04
2.590307263237200813e-02
8.354575866524880431e-04
1.233072149687283216e-02
8.186320965684392229e-03
