1.837827105594045871e-03
4.512904221864942222e+00
1.773677909250444664e-03
5.656122221939148889e-03
2.054930095313167379e-02
1.624489919081542610e-02
1.042462833275962716e-02
1.380783995011755291e-02
1.245312159816945857e-03
8.341618307116781955e-04
4.994737595443176931e-04
2.566446351281491314e-03
2.025518258755761199e-03
3.189376929305642872e-02
1.363614563924200364e-02
8.442793634793221980e-03
1.180625588629186790e-02
1.195776309295762743e-02
9.482697068709170299e-03
4.884307409310851330e-04
8.138241432574302991e-02
2.741520878071245816e-03
5.212995362063412887e-03
3.459684994384594203e-01
4.091154838235490365e-02
2.030496914844917455e+00
5.674529682004113111e-03
1.711643541246306993e-02
6.962798810992722187e-02
4.119789631133029956e-02
1.002165540925518544e-01
1.495758094323389187e-03
1.391471942277782391e-02
2.515580685271389672e-01
2.535713736881697357e-03
2.768473591956434852e-03
1.910978473434267076e-03
1.793081228965061769e+01
8.021599575303742569e+00
1.419155076510138391e+00
1.065429446867035765e-02
3.028624375684975042e-03
2.256250352499480569e-02
5.970077560574158990e-03
5.502503125012526107e-03
1.116718687115794218e-03
3.568709705850913513e-03
2.219456205711714016e-03
1.234964744093033787e-03
1.127800810880873281e-03
1.353386108485879393e-03
2.320229578022500044e-02
3.298630469941637132e-03
3.337982105005652539e-02
6.832384204272102801e-01
2.048631659230282318e-03
1.727615936463739506e-03
1.718810756116846304e-03
4.265347504063999803e-03
8.009739103648026021e-04
9.865635212905046660e-04
2.065499382146582796e+00
1.080175924791068002e-03
1.125982348966659153e-03
1.093415674753736317e-03
5.879444100085997379e-04
9.979734709954379834e-02
3.299811768231428882e-02
5.099040562956791423e-02
2.143692140173718112e-03
