3.677039080206644361e-05
6.322517262349970136e-05
3.187204209107669318e-05
2.868284666848386539e-05
1.091708427511074519e-04
8.067159761637778524e-05
2.507822532724119936e-05
5.555547011066774621e-05
6.076818268744262207e-06
1.570227673484449193e-05
1.352238664821438913e-04
2.643927614394072053e-05
4.660396295915047253e-06
1.455729387871665295e-05
4.393447454105562375e-05
1.294661553827179603e-05
1.299108136050183838e-05
1.841035400912676302e-05
3.062238245806469530e-05
2.507006141343829509e-05
1.495969632427245381e-04
2.810478134706611943e-05
3.780704298942276416e-05
2.856937734064327999e-05
4.284147963263931541e-05
5.273088533579984823e-05
2.896498324595501840e-05
3.658643454997076661e-05
6.368843107987895056e-05
6.470569706919663340e-05
1.645002372037937847e-04
2.545154849699541271e-05
2.879982532479041294e-05
5.931714617437740516e-04
3.344802558954261963e-05
1.204469312706895633e-05
2.535010347820885703e-05
2.395638856763514961e-04
4.158562273332991148e-05
2.515450557714297292e-05
3.309921286942736943e-05
2.690878690949036900e-05
3.813291699839725977e-05
8.188270693724875710e-05
7.829730533523270996e-05
2.355322316752233043e-05
3.376091884219010059e-05
3.618028498098934379e-05
3.584331018321772276e-05
7.555175175401879890e-05
7.443572845324426158e-06
2.737085584179902838e-05
4.911144128377495759e-06
5.210243395678066302e-05
6.460537213359238122e-06
8.450900762020775879e-06
7.482721236659509920e-06
5.181593750156562753e-05
3.650032634167623628e-05
6.830440369967617483e-06
8.084710885360061277e-06
8.380031634301127923e-05
1.650971482311954067e-05
3.580755440240110778e-06
5.952911789372771250e-06
5.752079619189481510e-06
1.456210626191891246e-04
6.882187623721492116e-06
9.824811386847547890e-05
4.255412424991935336e-05
