1.566106230904384389e-01
3.195714710728806418e-01
2.966442179327862319e-02
1.160988703636395003e-01
5.058888879653876403e-02
7.013079291267684812e-02
1.337480206453919018e-01
2.131093072228106844e-01
1.176467797596529447e-01
1.277559366347428560e-01
1.741568220930238275e-01
7.877192199454720323e-02
1.835645565576032590e-01
1.544925995783824890e-01
1.436253823175360489e-01
9.143902673553676308e-02
7.307195865824875347e-02
1.815418305644713737e-01
1.712467122933343799e-01
9.711185825987991849e-02
2.037532115376770869e-01
1.564147378941969091e-01
1.954286747026823257e-01
1.473514603948068713e-01
1.826326816250980201e-01
2.761477197765546676e-01
1.120543804446754860e-01
7.351247137891750438e-02
1.647818494635813757e-01
8.411476747979040880e-02
1.060412591263235615e-01
7.256314492747688305e-02
1.944340293719489798e-01
1.322095293159426532e-01
2.538576307306354002e-02
1.109024702076294860e-01
3.053064908305126376e-02
3.686055091487342450e-01
2.075326775357376197e-01
2.505849636997395935e-01
1.291227111635828984e-01
3.080719685653147133e-01
1.141113633085319712e-01
9.759635581867487364e-02
3.715034397375172048e-02
1.404119115025650455e-01
2.515607307021484537e-02
2.188716437534826004e-02
2.418259630667019683e-02
1.597210336972297584e-01
8.378214480154125288e-02
3.154065297465534490e-02
4.521611671982282699e-02
2.477690706768396686e-02
8.588266004391530151e-02
6.891841725994149459e-02
9.055226608541071254e-02
1.157004989950119744e-01
1.170009773594382352e-01
1.183930016070492697e-01
7.254160830670318416e-02
4.995312641976663165e-02
2.424278510781411600e-01
5.973714952959888885e-02
2.753682563995338284e-02
1.354368623797782833e-01
6.590900506153002381e-01
1.909152465093081619e-01
5.751251698054617167e-02
4.941726274514908479e-02
