6.418691738360281229e-02
7.356229617916040103e-03
1.074080406694001219e-02
4.377760680509884192e-03
1.838896615955349506e-02
1.143517507566628177e-01
2.499149067423015944e-03
3.870355423847034182e-02
1.188995435992790681e-03
1.198853086653166788e-03
1.851576694364800860e-03
6.198873062542013812e-03
1.630735298421555172e-03
3.955269097969149258e-03
4.066166464383190286e-03
2.816405557186818943e-03
4.644382957020852173e-03
5.306305025453322485e-03
2.291975232861915429e-02
2.848302125456068229e-02
9.443473795013772668e-03
3.325941958092622393e-03
1.017895537306935487e-02
1.036429919639923064e-01
3.755354266861209850e-02
1.703306323840562408e-01
6.409767102703754771e-02
9.994442943317563902e-03
7.947330365519958417e-02
6.631999746342177871e-02
4.532394754659327396e-01
7.006259512340549250e-03
1.522735683606431800e-01
4.022867966449065330e-02
1.175047740908803998e-02
4.970412822042984471e-03
1.164388857484266807e-02
6.029281859403250454e-01
1.101518696413230844e-02
2.858731686785654594e-03
6.840874051371801171e-03
1.085024586322345247e-02
1.962853689475744026e-02
8.645574467036008445e-03
3.452276265938752919e-02
3.309609242027645136e-03
8.795589491487322553e-03
1.741260303702101345e-02
9.531902992339283745e-03
3.912687070276673999e-03
3.649484667426682212e-03
8.161027698260763241e-01
4.841417422095851963e-03
2.236354709937245222e-02
5.002220881110289868e-02
1.840675431868183960e-03
8.141343288742445422e-03
3.269345670726310753e-03
1.854654425588195613e-02
1.843890186737660647e-03
1.631412301804751382e-03
1.092323342402220787e-01
1.068458340210096417e-03
2.067310055429950715e-03
5.599626720994578186e-03
1.350819065743485373e-03
1.305123260762389437e-01
1.627949235088298752e-01
7.210870766191679326e-01
4.850671776435974691e-02
