1.875891017045294403e-03
3.711447763552744999e-03
7.061411591279681543e-04
2.143971553023052423e-03
7.483415390796345143e-03
3.662227529549331138e-03
1.799363817074126461e-03
5.761741957315265165e-03
3.629902992477781337e-04
3.508603163021880938e-04
6.957021166154546800e-04
1.403952257828408774e-03
4.670852847645715197e-04
2.455562792647609550e-03
1.779648284951659051e-03
1.157498431667715539e-03
1.681166713021075123e-03
2.440680507323151997e-03
1.250228534678866389e-02
1.648027606201041880e-03
8.859361282943690671e-03
3.118584432631653792e-03
2.491090560245197948e-03
1.239375046783488914e-02
1.163430380170278784e-02
9.477176292137578367e-03
2.816024037253777625e-03
1.253250826064230715e-03
4.905612678206174547e-03
1.364477729043944709e-02
1.059299347200299592e-02
1.350870553590411468e-03
3.408561743164553043e-02
2.671532986848757559e-03
4.868634193533772497e-04
2.314143662569934957e-03
1.393647715658069292e-03
1.483807517355018556e-02
4.015968912136543348e-03
2.999391303279082092e-03
1.418472376577107003e-03
9.733460331934999654e-04
2.163747024782567210e-03
2.477129640789965583e-03
8.804702438178242793e-04
7.932694708372635840e-04
6.927202729177560706e-04
1.254086169347474154e-03
1.239117798240306403e-03
1.599808425467910775e-03
8.138429837076242065e-04
5.103912126115770116e-03
4.784739210624496561e-04
3.809322742085455120e-03
1.481746662888084850e-03
1.002058007754066818e-03
2.350342209337230766e-03
9.574452266524691646e-04
6.606755557688052602e-03
1.493241519918439434e-03
6.675968155944096184e-04
5.328199728792516396e-03
5.331615408221384699e-04
1.474906044329359848e-03
5.676517755464122097e-04
2.808004893580027909e-04
1.731498735499248029e-03
1.496528682974295442e-02
2.074075622992309700e-02
3.020032124271290058e-03
