6.105570663546027177e-01
3.527155812440320801e+02
6.329338030408497573e-02
2.447799400569183881e+00
3.790687842008541253e+00
4.800205959339059331e-02
4.011163948994319384e+00
3.571698053577637921e+00
2.072602865098497915e+01
1.472349203761977310e-01
1.164200672232551970e+00
6.749095759182769383e-01
5.068140960505333936e+01
8.301507234666470225e+00
5.937517295135558371e+00
4.264535511766858633e+00
2.912864719843608619e+00
8.010609116600415192e+00
3.073400829776173904e+00
3.470176406090971888e+00
5.975481655575397788e+00
4.386125961764822279e+00
4.172846641098070464e+00
2.411696397271507308e+00
5.892870512084639856e+00
2.239762835832305043e+01
2.643500052076347195e+00
1.361572542664103214e+00
1.548063355140838038e+00
4.983403507600438154e+00
2.333381804834675499e+00
2.211653140545463803e+00
8.394575299283102421e-01
2.706845311804575616e+01
1.926538291285461932e-02
1.040010802252429312e-01
3.500435840225271655e-02
2.671734756331139806e+02
4.013410369429887510e+02
5.282845270703435290e+02
6.264903493510876054e-01
2.036330315722690631e+00
2.309770085088828639e-01
3.101471534598680968e-01
4.121997701742262099e-01
4.772910883772997437e+00
2.189718427496828781e-02
2.799016330959587864e-02
3.331775840157204932e-02
7.458409337956084517e-01
3.221935920140875376e-01
1.714138693147803164e-02
2.802299221438812188e-02
2.230863397704305889e-02
2.964212029232037793e+01
2.926453395336452878e+00
1.178291201661879617e+00
1.531025070470040284e+01
2.348336318974322712e+00
1.115888509528232042e+00
1.577203781151646167e+00
2.966186678130494556e+02
5.088832943795242869e+01
1.314614997795165774e+00
5.914238323101265321e-02
4.367162380971020136e-02
5.885926640237217761e-02
5.198883916778904712e+00
1.358297272741885130e-02
2.170506538030027299e-01
