3.886923625493296508e-03
1.812586478356329067e+01
3.833249067246666947e-03
4.265643626122438137e-02
1.221741974753787485e-01
1.586108769468456622e-02
1.704799271711125372e-02
4.665442221428359182e-02
1.041654223403201407e-01
8.367249114615202526e-04
8.657865534754061176e-03
5.721259549676015015e-03
4.817179892183178214e-01
4.905517534265631252e-02
6.405083428770361187e-02
3.556631909388723034e-02
2.807454694826876790e-02
4.220576240964855896e-02
3.641618776405555757e-02
1.199968312460748462e-02
2.291177806218050783e+00
1.576964739275984670e-02
3.537760135897609348e-02
4.008450265615630670e-01
1.192263654596409372e-01
2.153325965483595894e+00
5.295426267717373570e-02
2.344768465168167726e-02
4.252663440958086294e-02
5.791636530885062584e-01
1.131786193476746194e-01
2.101207004577127987e-02
1.964314141104679320e-02
1.581354668901839011e-01
2.632104826887111428e-03
1.955073039349568276e-02
2.317062668486045540e-03
1.120681782662764547e+01
1.623258846619463069e+00
1.824590697349443458e+00
1.613179173089908380e-02
1.545806298935584536e-02
2.243453727696833461e-02
7.220153483851276741e-03
1.167376985047539027e-02
4.036871150926532592e-02
3.751355549026897350e-03
8.703241830897805870e-03
7.273879717968422150e-03
6.878213548931815143e-03
6.819258394394250682e-03
2.479329310621650531e-02
8.763202257581922255e-03
3.700717922197634124e-02
1.151614312774073889e+00
1.057118094039099371e-01
1.410737653270316694e-01
2.515624090860887896e-01
3.528968858043345785e-02
1.544841598528226903e-02
8.013051149754037150e-02
2.418140358595300743e+00
2.365506667258279183e-01
1.076410373980720217e-02
4.165790199789162589e-03
1.320198151113949857e-02
8.897415753845702713e-02
2.722612129285337940e-02
4.998143968583917962e-02
1.787953576925487096e-03
