3.049675006905903096e-01
1.570515104756143998e+01
1.181000550046152828e-02
6.185289468774389510e-02
4.237619614714264321e-02
3.017741660786145766e-02
1.362846928524394707e+00
1.735959433333818247e-01
6.566619890492235712e+00
9.265439211747866777e-02
9.583459876530285859e-01
6.063788249437109673e-02
7.398535819819365145e+00
1.742222232481918098e-01
7.644092578793509896e-02
2.479726803875776930e-01
1.213208927592187153e-01
2.859017994155592102e-01
6.132382975438195605e-02
2.050484416697007539e+00
9.125138588587470290e-01
6.262878850955430621e-02
1.085674967025981985e+00
4.581426514656765647e-01
6.289052859685698160e-02
2.653541575956089194e+00
3.899735971290580472e-01
3.932072128300100056e-02
4.696658365926863477e-01
1.590220046111645025e-01
4.603346899750886123e-02
5.236876770735906378e-02
2.511778219858422645e-01
1.312231686278975129e+00
7.072348622122181898e-03
7.822678059356434274e-03
1.055044280619217741e-02
2.494012919524892524e+01
1.615391951087010169e-01
3.513726854411284251e+01
3.381552288983062649e-02
8.238806973765015751e-02
2.084226870659721537e-02
1.125498057301263510e-02
6.502619604501606865e-02
1.336177306367322348e+00
7.247852737974814011e-03
1.419656545396081639e-02
1.096073919205177091e-02
7.384083972120094111e-03
3.167305681848266857e-02
2.147973354482504704e-02
5.360595882541614558e-03
2.067730691640591936e-02
7.806092153942915779e+00
1.336360370094627492e-02
3.241718264771885627e-01
2.287967154276461024e+00
3.655006146781193677e-02
7.757848234456325362e-03
2.058074134745967870e-02
5.283987175922174373e+00
1.763708141603141488e+00
4.672223781289700992e-03
8.912499041043615497e-03
4.604053980248894520e-03
1.121971096851172300e-01
2.981877615569424655e+00
1.009402756120646727e-01
2.388887921474494927e-02
