5.569201782835175862e-02
7.704196899842210566e-01
8.211309295293730409e-03
3.541998400195932595e-01
7.522971901491201097e-01
2.590580780970543409e-02
3.384774369208469746e-01
2.336100617365985121e-01
1.730601046143725313e-02
9.632207899741620019e-03
6.091838888329196428e-02
3.611256453954851398e-01
4.358966364785936409e-03
4.695073704415175797e-01
3.986739209478977197e-01
7.332974689336367868e-01
6.405041084758156256e-01
4.598486962613849149e-01
5.119975844957416200e-01
3.048215760461025353e-02
9.540549351558287317e-01
6.641003943795137365e-01
3.983070318662186859e-01
1.341990376296725573e+00
6.673151515616334573e-01
4.735743335435820822e-01
2.844412670552821654e-01
3.890914501918084634e-01
4.861648788651440900e-01
9.652060735616527776e-01
5.092170280148297090e-01
2.697242615164324731e-01
1.356757623748249819e-01
6.083219533781353272e-02
4.277089777268894624e-03
6.079225341214513842e-03
5.855955633189239250e-03
6.815336655744407279e-01
5.835170743119922898e-01
7.581183380986193932e-01
3.364509519350590283e-01
1.676963968081921219e-01
3.910437951382549349e-01
1.294263121494093616e-01
4.554416240184910175e-02
2.836233542504952299e-01
4.637694679765992992e-03
1.355379434851564091e-02
6.579736707752017674e-03
1.874140043605637129e-01
1.485739626526100809e-01
4.987761630049414308e-02
2.577191467836558239e-02
4.354770660543468008e-02
1.536214843402336841e-02
4.439711939050927647e-01
5.842159727751389253e-01
3.017982532842958809e-01
2.584084540295896182e-01
2.600738602539923727e-01
2.900172448998401542e-01
1.267056351334952258e-01
1.460865071820688713e-02
1.155500059412568337e-01
2.738407832347509660e-02
4.426131610229660021e-03
9.866735987700123167e-02
2.904736462741337455e-01
5.073257904541851604e-02
3.017195548410681050e-02
