3.199496147532900764e-02
1.126795417467539445e-01
5.465039234171811117e-02
5.723302765223846345e-02
1.952572315865399796e-02
8.373621383073029389e-02
9.193788749850424769e-02
5.806742118626895266e-02
2.831358237302556910e-02
3.636001150272850924e-02
4.456305753770645889e-02
3.266696195543997844e-02
3.988439034004144512e-02
1.234514961164967783e-01
7.373656298320582780e-02
7.058289129627695613e-02
6.901297733675244850e-02
2.744521553919243018e-01
1.657657725314257702e-01
8.074827071156696900e-02
4.641787986886408035e+00
1.519711875921847255e-01
1.166353063860225275e-01
1.411494835345527277e-01
1.681370313367644698e-01
7.012317040684404312e-02
2.550055124661841296e-02
2.949723157187910533e-02
5.631960240923968714e-02
4.251748633747432643e-02
3.316565348798362206e-02
2.313650515989537290e-02
6.819127217279349895e-02
5.955350353736620084e-02
3.688753521650244005e-02
3.769352895410758159e-02
2.294383170558730520e-02
7.686750962830831702e-01
2.509593368030763605e-01
5.776309984730078340e-02
3.270842406859231916e-02
9.920496825855090739e-02
2.928941432217925869e-02
3.396881779269243784e-02
2.019405716211177676e-02
3.103476469109173880e-02
3.451429511238747472e-02
2.352406484790254410e-02
3.091390881255332013e-02
5.722403850359856353e-02
2.559191862582079272e-02
2.318795609717063527e-02
1.973035341217209068e-02
1.155005231591229448e-02
1.979129946747412716e-02
2.539076337335821609e-02
2.536601137675187356e-02
2.626286647542295377e-02
2.756350897891900534e-02
3.633412250035781416e-02
2.625444191859839169e-02
1.257543493962177440e-02
3.300259285756598771e-02
1.992350526426893420e-02
2.071695291981461365e-02
2.707344734371863043e-02
2.078751998605317952e-01
5.575046620394377012e-02
6.212342580173813023e-02
8.485011152878920715e-01
