2.033475557280524544e-03
3.313067591428236515e-03
6.857634417438591978e-03
2.294955678539214398e-03
2.718961105377357135e-02
1.645348752473357531e-02
6.612996305877344612e-03
1.247717711889623042e-02
1.536147229927612400e-03
7.138169109819220972e-04
1.570394524777867992e-03
4.728278676012853156e-03
1.981932571378917322e-03
2.042278189683242005e-03
2.983657524812372615e-03
3.980441717519261381e-03
8.322258309729190992e-03
3.095932685099191378e-03
3.827809651636352676e-03
2.503054996402562238e-01
6.195707347330731141e-02
3.694608217103903698e-03
7.723487322111857387e-03
1.778723435138397993e-02
5.759722817620664854e-03
3.991128942803098649e-03
6.066641401882929066e-03
1.511596266432418609e-02
8.940245579326083769e-02
1.758982027647459229e-02
1.037921798972001319e-01
3.755714995556847739e-03
5.264394970807414337e-02
2.203364810735063128e-01
8.965249728581186489e-03
4.143781431863983837e-03
8.196564371977238875e-03
7.817767898322348641e-01
2.533201454799793861e-02
2.865851732182269490e-02
4.503439484596409581e-03
8.152342651167578114e-03
4.090143607852738533e-02
8.591175482554927814e-03
4.634260869806931110e-02
5.102468789263014948e-03
5.587778207081852376e-03
1.107524490175370094e-02
4.480737237341351695e-03
2.686086462563693801e-03
3.400683150755381967e-03
2.157282191923933640e-02
4.119141853997608516e-03
2.848126359547645259e-02
3.441170739075871156e-03
1.988852844540659782e-03
6.646340904952530160e-03
2.198861619949931973e-03
4.932410059365263492e-03
1.513611914731975054e-03
1.158653433783844288e-03
5.652389019225151703e-03
9.264939548403201136e-04
1.432660817581462480e-03
5.526601782550983125e-03
8.554580587718790948e-04
8.481791176587873127e-02
1.355920286192632829e-02
4.926185841983499181e-02
2.561330894050184437e-02
