3.671405285972919371e-03
3.915297245676296001e+00
3.811892655634751235e-03
2.721354623316864577e-02
6.598197930668854572e-02
1.544095258627864453e-02
1.692117678534647840e-02
4.451629028417860429e-02
1.158066416396470732e-01
1.674046539006537968e-03
3.746081342083806658e-03
5.082241715433369160e-03
4.067574910818952394e-01
5.368798207181711690e-02
4.630882792141772369e-02
1.018528091994591600e-01
2.945318301132422018e-02
3.416834436436574224e-02
4.790480160460686143e-02
8.106768186585389807e-03
5.607534673857093921e+00
2.486228609109803270e-02
3.113019552652022265e-02
2.263945167066592212e-01
1.658394501752127048e-01
1.690268383442576461e+00
6.687369830362918655e-02
3.541688728739505326e-02
4.009963382686776434e-02
4.382074079832666280e-01
1.347442777224897859e-01
1.860325940714000620e-02
1.929722954712325550e-02
2.035172726453691183e-01
2.599738510765521766e-03
1.080067243896496582e-02
2.328134434388458296e-03
1.759531046568826440e+01
2.396741838945866565e+00
1.685482884282530236e+00
1.481462750167997743e-02
1.365480594652623315e-02
2.786940511872643134e-02
8.016804844926686546e-03
1.250856119360671190e-02
4.364039848125055021e-02
3.720969715224580702e-03
8.436130447615885347e-03
5.750852149433563487e-03
8.292343822256968006e-03
6.404837973948684753e-03
2.492553660065281729e-02
7.397254692173521433e-03
3.464446315229997853e-02
7.961943977504393199e-01
9.711428929605417371e-02
1.376423490898343316e-01
2.125787133919834759e-01
5.627494914400468090e-02
1.334201591524220888e-02
7.678663779223583730e-02
2.417642693474946647e+00
1.807855806256155884e-01
9.691034776180685109e-03
3.673373327807182617e-03
1.526103294455664026e-02
8.140238883483251475e-02
2.855036178135990713e-02
4.913690648524939031e-02
1.823171672735663133e-03
