1.505516318745423951e-02
3.294282939380409336e-02
1.586589426027488342e-02
3.021159599570563681e-02
4.420619199239632369e-02
9.022404414854522103e-02
1.493925844966619010e-02
1.062138152435641442e-01
7.034991240921807665e-03
1.400763130716593460e-02
1.328280542143445153e-02
2.108939847214051297e-02
7.899251536391937306e-03
1.158364173710017264e-01
5.949246386563167288e-02
3.419683855183616727e-02
3.510119397562944110e-02
4.153308716603881789e-02
9.311474099915365010e-02
1.207290999642739032e-01
4.555142580279163411e-01
2.459819890223147870e-02
2.991638962314773637e-02
2.850084442760808523e-01
1.985077081793278908e-01
1.069693158964117874e-01
4.542565805829594516e-02
8.969680263470605763e-02
1.065403111237867712e-01
2.818054698591441753e-01
1.141023748277834454e-01
1.857863682948278361e-02
2.228741526511007071e-02
4.102854301406910764e-02
1.351645506086941381e-02
1.643756981785133089e-02
2.018208666541991200e-02
2.803539965845613380e-01
1.058493427283017929e-01
7.594145682584334256e-02
4.569253079397168904e-02
1.892740107052449244e-02
6.456727247978175099e-02
3.274881588434831736e-02
3.758417687322930523e-02
1.328756733995930216e-02
1.216724517568689053e-02
2.309059946347889053e-02
1.250527786767783624e-02
1.325606920461131974e-02
8.849867663134208112e-03
3.315688919405138102e-02
9.682855224064593896e-03
2.218776064083534741e-02
2.976204120366216996e-02
1.001152773688929881e-02
1.156642435325911170e-02
8.343038506326210663e-03
1.730707933818894859e-02
8.525254078447438988e-03
9.177226505405778126e-03
5.944324944445640579e-02
7.189327702297539265e-03
7.370728105943774588e-03
1.221777507360141332e-02
7.115158943741715751e-03
4.875430016211627915e-02
1.831920429330441413e-02
2.669787868252069402e-02
4.560010200834327398e-02
