3.291617924855159694e-01
3.853340321888257813e-01
5.963804206223986522e-04
1.814625228494112785e-03
2.936817216200303046e-02
2.387837964709337880e-03
2.907186997307546067e-02
2.994057098576946574e-01
5.239240565220952116e-04
4.826061161091352259e-04
6.656310731508882032e-04
7.468354614084164126e-04
8.701056432793993984e-04
1.368424337473293784e-02
3.133236055688453595e-03
4.840784089671983266e-03
3.760800968999571114e-02
1.803145356760339421e-02
6.997540731350396226e-02
9.270808158353074924e-02
7.006645530604657113e-01
1.044553999498973665e-02
2.209116548334941373e-03
4.255099996791593675e-01
1.429119252535052120e-01
5.137532984643840450e+00
4.086182229793239307e-01
4.680258678994643137e-03
7.450923817185056697e-01
2.271082568555386483e-01
2.359014450180341615e+00
1.739729077958949294e-02
2.362713955761262530e-01
3.928636165530644542e-01
4.837076203141944288e-04
1.702305526050741690e-03
2.856948259393450075e-03
1.167966210603118338e+00
6.863372675886328378e-02
7.511339324445505117e-01
2.036226840813742771e-03
1.075258080711107228e-03
5.523863042506546410e-03
7.593966853290161573e-04
4.672424203163763265e-03
1.891547468717144024e-03
6.593624886556211009e-04
1.184544211782626640e-03
1.166617124004831144e-03
7.352939261938772715e-04
7.132975499991990685e-04
1.518850551868264454e+00
3.568775256683000318e-04
5.253153751202232352e-03
2.847411855994669505e+00
1.809457886897939630e-03
2.465167853589607296e-03
7.960083483564200577e-04
2.581107650943057982e-02
6.121855202122277947e-04
1.285097647834635131e-03
2.335662594036991280e+00
6.259682163753343921e-04
8.451929570161383553e-04
4.525614801292559934e-04
1.493839755696212915e-04
2.988125494954660920e-03
2.301352130852561295e+00
6.249939828752730797e-01
1.979571195680514609e-03
