3.028173342190695373e-03
9.268736704655322622e-01
3.670991364121940683e-03
4.875349290000566271e-03
4.737414537515865359e-02
1.566458659293454292e-02
2.039996693111609943e-02
3.795716433228227965e-02
6.057871263041081367e-02
7.426044535792247509e-04
1.129828369059457382e-02
4.533223309751577106e-03
6.228126697143645391e-02
9.083629762719942075e-03
1.209778256583456460e-02
8.916089979554116945e-03
1.210193104766327417e-02
1.009296543015762368e-02
1.444500872574963103e-02
1.692258841183055459e-02
4.010090602403161217e-03
3.675122648006517220e-03
1.604360345609881847e-02
1.111775749614342529e-01
4.747295504055186466e-02
6.027304620010356384e-01
4.123889050396021411e-02
2.502551895415149746e-02
6.209744083847266310e-02
4.640302214336511355e-02
9.882202797243455628e-02
2.141107584144196982e-02
1.529545991584849163e-02
2.123314190920903288e-01
2.486715243636108703e-03
8.661665707354326837e-03
2.234998085533345790e-03
9.068173012278600842e-01
3.841814828152324557e-01
5.008318315040043434e-01
1.302493498287365936e-02
1.747378958541251359e-02
1.836979721159688259e-02
7.031164331713603104e-03
9.131218251891438237e-03
3.623531477666970535e-02
3.689482765770368128e-03
7.852747690843892708e-03
4.501072812629137651e-03
7.562147814029617984e-03
4.741656004752912816e-03
2.399864407897888546e-02
5.581536303883152805e-03
3.357603941117563717e-02
5.730373534202987118e-02
4.776986905102366746e-03
6.173600047847688232e-02
1.436757423793076360e-01
6.764153789083633683e-03
5.598898659393613218e-03
4.247732782267898619e-03
8.336573651378789696e-02
5.113748756497553394e-02
1.549185055489723725e-03
2.581493129597955006e-03
1.450027989223218530e-02
8.782679405441609632e-02
2.445566688886875034e-02
5.050792642995509396e-02
1.638874293180496173e-03
