1.698515994617461359e-03
6.651257217456273629e+00
1.800389514694535802e-03
8.856910480259830992e-03
1.975251513712818555e-02
1.544561796187029698e-02
1.630037374765411912e-02
4.402197375191758272e-02
9.440895375240103892e-04
9.951981231832004917e-04
8.713006785757016880e-04
2.961460922583977057e-03
1.891548327495480228e-03
3.617236467600677685e-02
1.880586844078544970e-02
2.199040574947587479e-02
1.554619574092790633e-02
1.349001227848245846e-02
2.085463461116310313e-02
3.799913557832837463e-01
1.617342435112148591e+00
3.350141574881190885e-03
6.574717246832536069e-03
3.686361990724286719e-01
6.058600543908834041e-02
1.504341152153745975e+00
4.654276983394732559e-03
1.936430468769279739e-02
4.922300241371051210e-02
1.188659780205584549e-01
1.686453831968089401e-01
1.816665442500472322e-03
2.027991829659402806e-02
1.824084977307148803e-01
2.551218348234262669e-03
3.019244037380464964e-03
1.792047748953467775e-03
1.979695704236704756e+01
1.413148172909177491e+00
1.825567230910724037e+00
1.068598522136946297e-02
3.816149931170246395e-03
2.728088535855196020e-02
6.318084047431213324e-03
2.025339111847047381e-03
2.264756012595350691e-03
3.649352433052976963e-03
1.972750488115694676e-03
8.679665281155560241e-04
1.183676278267056575e-03
8.338222077201773354e-04
4.651944653081624241e-03
3.470883079309252436e-03
3.429930266107293624e-02
5.682850806857426829e-01
2.639609762047415847e-03
1.633943215567433809e-03
1.841959758148807190e-03
3.606711940829865261e-03
8.767844326625062181e-04
1.542849970992130667e-03
2.304124939664920824e+00
1.074555566003930832e-03
1.113525305436285180e-03
1.606148614429780659e-03
5.940205486651497797e-04
8.500522232230398045e-02
3.139782664205127694e-02
4.921314316513834830e-02
1.698397935117177196e-02
