5.790067546672104243e-02
8.899888798191872563e-02
1.595342779643698500e-02
2.305656947701562043e-02
1.821036313023068759e-02
7.710818095838979647e-02
4.855527445457326341e-02
3.895835571724812901e-02
6.159676244419774044e-02
5.116844168569296969e-02
4.916993394978722703e-02
2.745076329266530474e-02
6.763195173470944177e-02
4.512478162453733427e-02
3.126666446152856493e-02
3.576218864024334476e-02
2.770471415070727833e-02
5.005584008737686691e-02
3.075946681553520107e-02
3.548795050509154225e-02
4.011986406518322501e-02
3.170022242016085762e-02
6.608642676095130564e-02
5.951337843297639651e-02
3.656790887665403722e-02
9.332050575913071466e-02
2.839319736028434946e-02
2.059790649822266367e-02
7.996941190201825589e-02
3.829814245637724879e-02
3.721792495125070960e-02
1.889874329153205107e-02
2.771241024743179016e-02
6.637714537906969081e-02
1.470866935540345033e-02
1.969393656984338992e-02
1.693840932118069811e-02
2.349552508223968772e-01
2.870606454933062948e-02
1.263098081360157776e-01
1.998076923844005828e-02
2.049217332024527022e-02
2.642049337714744150e-02
1.591461587637843511e-02
5.621455986211416900e-02
2.995740544134632352e-02
1.275287542123820783e-02
1.846576739007959461e-02
1.454422926002475226e-02
1.626977976947374324e-02
1.153424331661442002e-02
2.349783124759475400e-02
1.128977083447976586e-02
2.121188928638750512e-02
8.810571269819239548e-02
1.458463266181184159e-02
2.277488065886654547e-02
3.788686809997718341e-02
1.910708824437396675e-02
1.818063580750984426e-02
1.288787852115372799e-02
2.868115117922316951e-02
3.478327905940779841e-02
1.139800064658729947e-02
1.067411588327711776e-02
1.321148135559543912e-02
1.188043622749294093e-01
7.991416997099987096e-02
3.976764449030191495e-02
3.115378821182034422e-02
