8.188289267292740096e-04
1.836740495388580405e-02
9.244995166397603371e-04
1.925084056578679759e-03
3.102623574634638150e-03
6.285531109966088770e-03
1.569793899651972160e-03
2.387692702936136235e-03
9.878111586264968179e-04
9.199659721563387387e-04
9.123315497614799957e-04
9.723808602345137327e-04
7.643672517012153802e-04
1.407119257129405086e-03
1.775527704150489921e-03
9.820633871766232606e-04
7.305608716855881840e-04
1.338157885158916625e-03
2.250903712584058445e-03
9.224002609947950029e-03
5.796198931163285689e-02
1.655703746970686382e-03
1.871766758302301995e-03
1.867098279409037552e-03
2.581399736314756842e-03
2.035039144286647072e-03
7.845635005420635837e-04
1.498737728621339681e-03
1.278181572189740446e-03
5.078806710693306234e-03
3.742220810736962035e-03
8.203099812616878673e-04
2.499719792766273707e-03
3.587987913072227582e-03
6.171403539369672625e-04
1.192081794599703743e-03
1.160466069615883559e-03
2.348974941578699759e-03
7.624169502655361863e-03
9.171161366361877624e-04
1.052325471584446628e-03
1.076734017752075615e-03
7.307810684359644779e-04
9.676388224690577518e-04
1.611752321246895337e-03
7.590659647342757124e-04
1.649240070011605188e-03
1.147257929006957784e-03
1.107712321477489440e-03
1.709012449938633648e-03
4.131199452870430722e-04
3.220059888875716897e-03
7.797458712230976620e-04
1.258948486476497508e-03
7.061526771046124345e-04
8.827017293361976141e-04
1.377827065384105987e-03
8.158874831670963421e-04
3.360066351144104339e-03
1.230058805537333037e-03
7.532039679437157716e-04
5.922557272268923938e-04
6.280712369744710904e-04
8.897622919525743088e-04
1.380250618427321038e-03
8.940320702019692459e-04
3.443576151000585922e-02
6.890386215541151414e-04
1.437042435142852834e-02
3.050861546356430434e-02
