6.287808750325931673e-01
7.275248733894209181e+02
2.670234612747030695e-02
3.116585231457029259e+00
4.571827609938614145e+00
4.347942653217985731e-02
3.493406130254265829e+00
2.784023559786777735e+00
1.595620721711951262e+01
3.204389256633947136e-01
1.306713071274130167e+00
7.436741055744805484e-01
5.119449222541662436e+01
5.856991449073510658e+00
4.362073047690714134e+00
2.020921103239671268e+01
4.851687446834829665e+00
8.880629870334662002e+00
3.394460517227563034e+00
4.084839532077475965e+00
4.155235438428942871e+03
4.915280013462940190e+00
3.153382778075097370e+00
2.859017212805981423e+00
5.583553362571413992e+00
2.445847329770121092e+01
2.561983029295610503e+00
2.508296196416865520e+00
1.577889877442909761e+00
4.036807675274544316e+00
2.398232938181142693e+00
2.258363022327151803e+00
7.095315083154920544e-01
1.842356392403371501e+01
1.614902238005468810e-02
4.097619467063511323e-01
8.943957690787561476e-02
8.307677945101293062e+02
2.334249502055521077e+02
5.112033974669943746e+02
9.062554534030722309e-01
2.065460949007672298e+00
1.878201410925003645e-01
2.788180815691890801e-01
6.747935328579223180e-01
4.024633245100911694e+00
1.798110296911888464e-02
1.700117347293897407e-02
1.806312085479555921e-02
7.853929814534312825e-01
1.664169919086166960e+00
2.347786977578365519e-01
8.527482929488152674e-01
4.011663426105780417e-01
2.591325472449635825e+01
3.488855123872923514e+00
1.171084200255291918e+00
1.529977235628815002e+01
2.468206201281403889e+00
1.332184194653814213e+00
1.442369147213725666e+00
2.617782606527317739e+02
2.962422753099131612e+01
1.560442685421166376e+00
2.315516439428596807e-01
2.193442810031742685e+00
4.457179216774923708e-02
5.726960550318588972e+00
1.534809743213030875e-01
1.015704696466715601e-01
