1.131120135488366402e-01
1.003304587999308550e+00
3.130135250334768748e-02
1.427018508312639100e-01
1.241448946148421550e-01
8.852520227684672338e-02
1.796500347298525258e-01
1.484415410711497352e-01
1.176608171110556655e-01
1.045388742305733282e-01
1.366971546811077132e-01
1.373834821841533882e-01
3.179415562024284769e-01
4.447209972880011852e-01
3.624346967911095119e-01
3.391101122134224655e-01
3.399642703693656065e-01
4.406623055683886458e-01
3.770464026326273421e-01
1.056101110524071685e-01
7.297712824321124003e+00
4.721720140403936061e-01
5.111316971075540172e-01
3.659545281997057531e-01
3.807043097217342464e-01
1.775811087875297234e-01
1.339208845206235066e-01
1.355165529982894079e-01
1.457325709398637759e-01
3.213516635525395793e-01
1.371819773341343973e-01
1.284863754075666331e-01
1.505288914918746224e-01
1.425184637003236998e-01
2.618243914508048761e-02
9.584005138905891952e-02
3.480482590433325862e-02
4.668992094743540378e-01
1.937911701033071532e-01
1.609503378348583202e-01
1.405692339016331727e-01
1.533049013281965745e-01
1.360886376279861198e-01
1.375944481490969096e-01
9.614877062345476844e-02
1.348026792159530141e-01
2.665972089083950072e-02
2.436316109921540796e-02
2.178616616629328734e-02
1.595976798442143019e-01
8.084805202118700018e-02
3.507314407786986388e-02
2.847345209719335385e-02
2.549636281536853816e-02
1.245026477121575770e-01
1.304879562307876273e-01
1.273670191107872662e-01
1.300312115083038234e-01
1.345613078843354571e-01
1.426146495908693357e-01
1.287361234448348157e-01
1.161821536974629171e-01
1.367760067382015332e-01
1.248674591282833424e-01
4.155447362569432423e-02
6.527069816511835154e-02
2.391463125206030882e-01
1.597768542267971603e-01
8.253795497447881380e-02
5.148147289867965881e-02
