3.358042572730995327e-03
5.115444460459785125e-02
4.527600974444561180e-03
4.880706107675274359e-03
2.929372921716747596e-03
1.389417605681433562e-02
7.276727235242261629e-03
4.955657915630901425e-03
2.936380958464916528e-03
3.835620317960798838e-03
4.340866677913860112e-03
3.436083561979793363e-03
4.807407786568286719e-03
6.011320127940731478e-02
1.543305603084379161e-02
7.366059798468967482e-03
1.185914361316158135e-02
1.527001049237650121e-02
7.303802540349767398e-03
1.567302875688995553e-02
1.092756442955199470e+00
2.307505813389412047e-02
5.206377672465865858e-02
2.465790408772315992e-02
1.174898636567520138e-02
8.257653691153955464e-03
4.009914034661092412e-03
4.011291582538305082e-03
5.168556579960480180e-03
6.261940571485874810e-03
9.918621113575734616e-03
2.826311258872256284e-03
6.644280219157959813e-03
3.581276817462532985e-03
9.430356565596084706e-03
4.228411541511527087e-03
2.385194468108750750e-03
1.629087282469377645e-02
1.704827411824217515e-02
6.036790872050791165e-03
3.764669025436630234e-03
1.185280415986885924e-02
5.090509817266572132e-03
3.565483008609639844e-03
1.641465905443300483e-02
3.590974097016097662e-03
2.691241657978473388e-03
3.228171412502182751e-03
2.211301069924982189e-03
6.386044423180870129e-03
2.369661332728000003e-03
3.215747258783928451e-03
2.361852913802540803e-03
6.309274796962340004e-03
2.048760592934567061e-03
2.999586519340226905e-03
2.529120527068094617e-03
2.785249808712058316e-03
4.049733371558154708e-03
4.138732669323305982e-03
2.941739450786251715e-03
1.389376068639754363e-03
4.831510199172755343e-03
2.391609422668946553e-03
2.448650705760226868e-03
3.254043133420631180e-03
9.387613434151020203e-03
4.206172976930046617e-03
3.753199177032055713e-03
1.260859678454029353e-02
