6.389092325391956817e-02
7.492982949285104155e+01
1.458944391177268221e-02
1.604413594909170071e-01
7.109092424774117180e-01
1.622803746273931633e-02
6.382984735868989512e-01
3.098434507078861033e-01
1.694005695255555111e+00
2.084247724935736623e-02
6.027964677416741690e-02
7.297995961151897137e-02
1.054691488682428790e+01
1.373014712950793692e+00
5.943876382363877386e-01
7.986775670314256725e-01
5.687851974062863025e-01
6.912056097338523664e-01
3.612384147453527872e-01
4.065131346332722662e-01
5.743472672486840480e+01
4.233648025882722488e-01
7.637032075424037281e-01
1.361146924093659338e+00
2.280128296546863886e+00
4.404313674659700695e+00
2.601985055532157753e-01
2.451551314546769889e-01
3.372843417348372341e-01
1.502940934354397795e+00
1.159357643643328384e+00
3.043130450614495164e-01
1.034130893852523991e-01
2.300897188229082069e+00
1.442057868998669265e-02
1.022592576131942099e-01
8.828011940892891568e-03
8.216183984163328091e+01
9.636500487501177048e+00
4.307459864354853352e+01
1.296646653562820162e-01
4.065284717477266052e-01
1.647445787872060807e-01
3.197137765917422436e-02
5.982971436700280921e-02
6.139956388433438494e-01
1.921889966905682839e-02
1.828153721187294675e-02
3.355144917393130394e-02
1.235658304888040959e-01
1.215591090517423589e-01
3.295394775317781605e-02
1.216559510781197451e-01
5.706025537428330990e-02
7.205836057456662225e+00
7.934603066043762754e-01
4.786505017600297118e-01
2.659714421342503243e+00
3.077308378710120751e-01
3.161573991309893916e-01
4.536879947393436252e-01
3.004296717316928422e+01
4.866978797614470054e+00
1.559700427909069542e-01
2.957249879728551800e-02
3.481803751934057223e-01
9.155364444736019403e-02
1.417476701022789776e+00
5.111163934868388770e-02
1.175129318010784650e-02
