1.481779845580901214e-02
1.515801780632610452e-01
1.582802148826258429e-02
9.214991139134785791e-03
1.774190894116093112e-02
3.448301264783498743e-02
1.080895107463882877e-02
2.096958820462433565e-02
7.053003314191721648e-03
1.382481296932407122e-02
1.226936709256207583e-02
1.637457385470825894e-02
7.868682866512819937e-03
1.785344829896189783e-02
1.486583144280304546e-02
1.690875773430477319e-02
1.943257345991323062e-02
1.203321672167607936e-02
1.709463647359499988e-02
1.951496699439808635e-02
3.233244951615484725e-02
1.107073196235305521e-02
1.916166339513657516e-02
2.659500934221275051e-02
1.891860368643603213e-02
4.132277123432930716e-02
1.629306605552164472e-02
2.123293404018742128e-02
3.539378023421475145e-02
3.867363461012599674e-02
3.264664445983406216e-02
1.356317304834845673e-02
1.071519843352584586e-02
1.392067932991599734e-02
1.089144946878609424e-02
1.320935379197187010e-02
1.558942817134329438e-02
2.469538094121704469e-02
2.844461465146192608e-02
1.818596747985515988e-02
1.207503354152885365e-02
1.554799643229844153e-02
1.654127891213359389e-02
1.140538579785799721e-02
3.336613650625286365e-02
8.409213811453543699e-03
1.181617524596311440e-02
1.615531588875613461e-02
1.381533058407516390e-02
7.393805741506336189e-03
8.104637023764273140e-03
1.996496809748829135e-02
8.691778680301305571e-03
1.941528551336014694e-02
7.569997980659631809e-03
7.452356801378952171e-03
9.144299363218102994e-03
8.140136608765674228e-03
1.534566458753742167e-02
7.589093241325775216e-03
7.439373063180680298e-03
7.282525049873225971e-03
6.857687500588655061e-03
7.136334815494492501e-03
9.586861018585890112e-03
7.036654411563073377e-03
1.139745097214094754e-01
1.120372144782788223e-02
2.363637283985264154e-02
2.971683485605210520e-02
