3.535733007016435281e-02
4.642729853545162627e-02
1.120083979901030614e-04
3.963740210616165452e-04
2.531666633674882205e-01
9.342536873432244796e-05
1.724192401816363645e-03
5.229251719341187826e-04
7.567952829155379145e-05
3.991466634707255604e-05
7.953321339422518154e-05
1.261627820414631116e-04
1.083570936348224496e-04
3.504360114174578304e-04
2.675814910124816757e-04
1.533500930842742708e-04
7.601091635326528019e-05
3.727679057765564919e-04
5.294688157299030657e-04
2.296194959548167910e-04
5.130417705262070929e-03
2.663949728612900465e-04
3.851492998624430307e-04
1.655024310616241834e-01
3.759840647411799163e-04
5.127493275594585675e-01
7.605953881649574568e-05
1.140916819763722464e-03
8.180203275794985240e-02
1.033892987053436612e-03
2.483927872371136658e-01
1.122043808929473350e-04
4.569047740268571828e-03
2.777688358239890354e-01
6.693253075167648392e-05
1.246651133825611929e-04
7.872596540487315211e-05
1.012081234174314170e+00
9.841552392739981968e-04
2.915705493292923209e-02
8.146329598177149203e-04
1.685147174533590988e-04
1.777418196008961079e-04
1.262964043806932900e-04
7.497803468884083186e-04
1.016331830859736084e-04
8.357501818572877323e-05
1.330764388556549525e-04
6.878947472834430357e-05
7.174865674802270970e-05
6.728440206190593274e-05
1.513854589414718229e-04
6.984245968206899348e-05
3.152881472005690023e-04
2.389829520267873432e-04
7.522754920943714124e-05
3.013575047906900777e-04
3.279509797927885174e-05
4.626865412526357771e-04
5.656779424441987569e-05
1.768834762059461974e-04
8.748602543028161462e-05
4.750426368147355838e-05
6.595309244092315850e-05
7.650832517190609122e-05
2.390755475158545847e-05
3.518951625207129971e-04
9.418372851817941038e-02
2.214491723750385325e-04
2.094803493131654226e-04
