5.373374753922899316e-01
2.144181914771285591e+01
1.045729006441751402e-02
5.780864130264059403e-02
6.777585062684726713e-02
3.142496087135804306e-02
1.616217609228514984e+00
3.970687006199382640e-01
4.739731734704488275e+00
1.120011483570085009e-01
1.401547338968072709e-01
3.814059400400523353e-02
1.026775177160263119e+01
1.991374431841930193e-01
7.027667406106621883e-02
3.071828516000441600e-01
1.347309999272108816e-01
2.151588029551437520e-01
4.173418628940060715e-02
2.113975439268585887e+00
2.190408642933280081e+00
7.601154269318646794e-02
1.018801420855052875e+00
4.333730708234931894e-01
1.644657930270499169e-01
4.064119997583912181e+00
9.697372650994438015e-01
3.713926663779752724e-02
9.651311521060410570e-01
1.348600365756128794e-01
4.325527988727186079e-02
5.193939708486042944e-02
1.689265755970564831e-01
1.079060170289498188e+00
8.456193204728965421e-03
9.287741987594869131e-03
1.354212055924872669e-02
3.616156461272078815e+01
3.959522521610832624e-01
3.274447050828940320e+01
3.801045512581865959e-02
1.502139749337129924e-02
1.805644388427842320e-02
1.314213585389661064e-02
2.511312441566927456e-01
9.931985856829014248e-01
8.399243785530360190e-03
1.112213371026722457e-02
9.534517663998228962e-03
9.921064677567557888e-03
4.280277519245816176e-02
1.970474370377863632e-02
5.519402093275369708e-03
2.223666746488362767e-01
7.089613672504685660e+00
1.369244208469930224e-01
1.490322020449894314e-01
3.645082565692802312e+00
3.929126088894439872e-02
7.175552816094445119e-02
1.713115139755485433e-02
6.729254021465824742e+00
6.440047363896266752e+00
6.438992561356111921e-03
1.078891397591687056e-02
3.927256838681033972e-03
8.709242055203934851e-02
3.209162265703508155e+00
1.781876454468624693e-01
9.687145937754973457e-02
