2.597186837412895997e-03
1.330507465085819518e+00
5.939201448432959891e-03
2.504007160688038330e-02
4.730757414799224847e-01
1.454830514400873645e-02
1.073903763789119531e-01
1.553739061900878127e-01
2.409890469026231517e-03
1.898283632533092485e-03
3.064508976631977188e-03
5.037304318863825708e-02
2.098987989363847000e-03
1.289384190522366302e-02
7.697189794744858579e-03
2.114023244927528550e-02
1.035469018350954479e-01
1.388313208530752262e-02
4.498130063864348716e-02
2.394249949834796887e-01
2.555517045759403416e-01
1.595927508587790047e-02
1.592380419213131892e-01
8.187739618705079658e-02
6.118734928139442364e-02
1.942095223245541846e-01
2.543908782102891619e-01
5.273089334099943792e-02
2.124347795736830080e-01
2.896120184793333219e-01
1.244294933410683424e+00
6.944405524748116509e-02
8.607603639198431467e-02
2.164503421311549380e-01
6.308106850602669853e-03
4.225362505245145936e-03
6.677836981190865898e-03
4.062516441686520707e+00
2.896549895398397023e+00
3.310158241750776220e+00
3.324589753283771487e-02
2.960337448879591382e-01
4.043689605469796139e-02
5.838048583389407291e-03
3.347008723973081412e-02
1.567477346232478141e-01
8.739145720341996368e-03
1.027198270095116758e-02
1.657255714276098871e-02
3.057149713271730632e-03
2.772690707918513270e-02
2.996032999969810984e-02
6.844287477379643048e-02
3.139105217787459268e-02
1.082752087852965478e-01
1.705938235858380642e-02
3.247939497484524374e-01
5.297846524949407776e-01
3.951116159267227534e-02
1.469771665766284258e-03
2.855626206347739674e-03
1.571074811564970586e-01
1.185289716940085818e-03
2.190541642540387926e-03
5.538997607863382390e-03
9.080960113102278745e-04
8.776144582887610013e-02
5.014130460187112837e-01
4.990910550293245485e-02
1.412868876536905668e-02
