1.118612875382624799e-01
1.452592135500713200e-01
3.648910085682686294e-02
4.661098016513418041e-01
7.571770986791004354e-01
3.161103222271911817e-02
1.611957337734028162e+00
2.786299314245363479e-01
7.227535065502574407e-02
6.515473187967649182e-02
1.803058190627341018e-01
7.441712652917654713e-01
2.402738843029160118e-02
6.429458159860197419e-01
4.545933347284226156e-01
6.885991363745589400e-01
6.271134787403480626e-01
6.438965868780743840e-01
5.986596709797668003e-01
3.049627267597910585e+00
1.000000000131749944e+00
8.248457744677596404e-01
4.459078444518699835e-01
1.132926422222291674e+00
7.779474793599648885e-01
4.852370440889776648e-01
3.645262119640754750e-01
4.602002385281691588e-01
6.221085085750450716e-01
7.118248188535623022e-01
6.096878983914824079e-01
3.272483710884458441e-01
6.744016133761797649e-01
3.272707406231313565e-02
2.835340021249351666e-02
3.886622957248685173e-02
4.157944208272933151e-02
1.001308460351185925e+00
6.347554829408641464e-01
7.481165670716165561e-01
3.850510226733789287e-01
2.250552471147769518e-01
3.572550432586435454e-01
1.440020653534616613e-01
3.199436969213406146e-01
2.938725623288185873e-01
5.187751057629528401e-02
4.514773902339065670e-02
5.347282508400832274e-02
1.988488489030280915e-01
2.424272578419856550e-01
5.368946581219502523e-02
4.167524644385147553e-02
5.840992320613234284e-02
3.170364809928065408e-02
5.052102516952624578e-01
6.472548333241232577e-01
2.866553563049641928e-01
2.563374618728439525e-01
2.366566911564313425e-01
3.622911609889126749e-01
7.286672769786983750e-02
3.687144082099771264e-02
6.576914606698319732e-02
5.930945023872526145e-02
2.607852168703655993e-02
1.185913700548688887e-01
1.123930443955344083e-01
4.831961212420854412e-02
1.009912714392548622e-01
