8.533471727623483322e-04
2.994386750776333386e-03
8.816744342312534278e-04
8.814433527698503157e-04
7.296225407750162126e-04
2.836273673752911020e-02
1.660534598656581524e-03
1.365509831730854755e-03
9.727953958639154724e-04
8.589967337149841684e-04
9.792287596328921352e-04
8.429607206431960703e-04
7.667615063946889038e-04
8.973081010567197230e-04
1.546310031843348230e-03
7.544179701781347260e-04
8.964504159227332366e-04
1.245012240770502696e-03
1.042355828998355874e-03
1.088182389820764682e-03
7.338596041848612431e-03
1.166852244078970050e-03
1.229386718711704147e-03
9.546809143264457873e-04
1.088891889045619493e-03
2.447295607412904635e-03
7.565934896573390470e-04
2.568925784041174980e-03
1.110718500133948700e-03
2.404661234066976950e-03
6.544110618857833586e-03
7.257632266123166228e-04
2.690022023247309272e-03
3.301016256431105016e-03
1.007395714218653525e-03
1.033131626400668815e-03
3.591243037681876756e-03
1.633554023336151757e-03
7.821639992137707515e-04
9.525820936546801430e-04
7.783616277467498559e-04
3.542664482845512327e-03
6.376710976894696056e-04
1.643873369027362610e-03
2.615489528133527284e-03
7.528272602405280955e-04
1.314965511996353704e-03
4.657961192616808313e-03
1.146460658673089349e-03
1.687567066560003663e-03
5.690342851292419946e-04
2.895129820492887366e-03
6.971700966398127917e-04
5.083915029538615959e-03
6.200284219978559374e-04
7.713090228190956502e-04
8.636361224933627664e-04
8.097667879642866592e-04
1.867592871646939906e-03
1.196851192737283243e-03
7.393010054054013208e-04
8.063805584519583838e-04
6.389499296040754501e-04
8.671893693184624030e-04
1.296427211762108019e-03
8.785950176106579676e-04
2.319695069022790004e-02
7.368157736204286080e-04
2.682544263790198266e-03
5.006142404969877828e-03
