1.500000000000000000e+01
2.200000000000000000e+01
5.000000000000000000e+00
2.700000000000000000e+01
2.900000000000000000e+01
3.200000000000000000e+01
8.000000000000000000e+00
2.200000000000000000e+01
5.000000000000000000e+00
1.500000000000000000e+01
1.000000000000000000e+01
1.600000000000000000e+01
6.000000000000000000e+00
6.700000000000000000e+01
6.800000000000000000e+01
4.300000000000000000e+01
6.600000000000000000e+01
6.400000000000000000e+01
6.200000000000000000e+01
1.100000000000000000e+01
6.200000000000000000e+01
6.700000000000000000e+01
2.000000000000000000e+01
3.100000000000000000e+01
6.600000000000000000e+01
1.600000000000000000e+01
2.600000000000000000e+01
2.900000000000000000e+01
3.000000000000000000e+01
6.300000000000000000e+01
2.400000000000000000e+01
3.100000000000000000e+01
3.100000000000000000e+01
2.300000000000000000e+01
2.600000000000000000e+01
1.100000000000000000e+01
8.000000000000000000e+00
5.700000000000000000e+01
3.200000000000000000e+01
9.000000000000000000e+00
3.300000000000000000e+01
2.700000000000000000e+01
2.800000000000000000e+01
1.900000000000000000e+01
1.800000000000000000e+01
9.000000000000000000e+00
1.700000000000000000e+01
2.100000000000000000e+01
1.900000000000000000e+01
2.600000000000000000e+01
5.000000000000000000e+00
3.000000000000000000e+01
5.000000000000000000e+00
2.900000000000000000e+01
5.000000000000000000e+00
2.500000000000000000e+01
2.900000000000000000e+01
1.900000000000000000e+01
2.700000000000000000e+01
2.300000000000000000e+01
2.400000000000000000e+01
1.400000000000000000e+01
3.200000000000000000e+01
5.000000000000000000e+00
3.200000000000000000e+01
5.000000000000000000e+00
2.200000000000000000e+01
1.100000000000000000e+01
1.900000000000000000e+01
2.700000000000000000e+01
