2.011377674535258552e-04
2.758014904921993714e-03
6.427757360336455728e-02
2.454766986187663586e-04
4.042650622296291817e-03
1.091817653772722183e-04
1.410429319844318068e-03
7.070633096370101955e-02
4.324846481589016411e-01
3.297969029592058565e-02
1.667354093118507685e-01
9.487171000000001937e-06
9.411343651268608279e-02
1.091817653772722183e-04
5.376369923749303595e-04
1.593742460100000324e-05
1.377961233982237521e-01
1.270895371395071652e-02
1.691892739326840769e-02
4.014477778925095558e-04
7.189048368510325086e-04
1.853116706110000619e-05
1.834099502430358575e-01
7.777796406007113361e-02
2.477564259648428260e-02
4.389927778387031632e-02
2.441219537734808098e-01
8.719748525897494211e-04
4.559917313492234831e-05
1.515767357380461422e-01
5.384077978276365431e-03
9.545938177273262382e-03
2.069650567184066776e-03
3.627865932551264938e-02
1.270895371395071652e-02
4.878518112499366684e-04
9.487171000000001937e-06
2.477564259648428260e-02
5.233085242722710362e-01
3.249296304725030060e-01
3.034816395414193218e-03
2.725420685613271291e-02
7.189048368510325086e-04
8.427997165257357093e-01
1.050153199500059031e-02
1.035257801639546948e-01
1.593742460100000324e-05
7.917953205361358054e-04
2.252240236044025443e-02
1.342099361064994065e-04
1.410429319844318068e-03
6.526407607736658652e-04
1.155268519450065000e-02
2.069650567184066776e-03
9.545938177273262382e-03
8.849732675807619358e-05
3.931669528717287032e-01
4.447915684525921391e-03
8.849732675807619358e-05
3.574235935197533354e-01
1.708719477011625115e-03
7.070633096370101955e-02
4.878518112499366684e-04
4.641000000000000966e-06
7.070633096370101955e-02
9.411343651268608279e-02
2.953896640659118278e-01
7.661806513870323965e-01
2.011377674535258552e-04
9.999999999999999547e-07
