3.177248169415652679e-05
3.177248169415652679e-05
1.357947691000000302e-05
9.999999999999999547e-07
9.999999999999999547e-07
9.999999999999999547e-07
9.999999999999999547e-07
9.999999999999999547e-07
5.727499949325605069e-05
8.555676046607825491e-02
6.400249944258165364e-05
2.100000000000000223e-06
7.954302432552380750e-05
9.999999999999999547e-07
9.999999999999999547e-07
9.999999999999999547e-07
9.999999999999999547e-07
9.999999999999999547e-07
9.999999999999999547e-07
9.999999999999999547e-07
9.999999999999999547e-07
9.999999999999999547e-07
9.999999999999999547e-07
9.999999999999999547e-07
9.999999999999999547e-07
2.100000000000000223e-06
8.849732675807619358e-05
9.999999999999999547e-07
9.999999999999999547e-07
9.999999999999999547e-07
9.999999999999999547e-07
9.999999999999999547e-07
9.999999999999999547e-07
5.727499949325605069e-05
1.357947691000000302e-05
7.140274938683981892e-05
3.310000000000000496e-06
6.400249944258165364e-05
9.999999999999999547e-07
9.999999999999999547e-07
9.999999999999999547e-07
9.999999999999999547e-07
9.999999999999999547e-07
9.999999999999999547e-07
9.999999999999999547e-07
3.310000000000000496e-06
4.014477778925095558e-04
2.138428376721000706e-05
7.715610000000001841e-06
1.593742460100000324e-05
7.715610000000001841e-06
6.105100000000001060e-06
3.177248169415652679e-05
3.310000000000000496e-06
3.310000000000000496e-06
9.999999999999999547e-07
9.999999999999999547e-07
4.641000000000000966e-06
9.999999999999999547e-07
2.100000000000000223e-06
9.999999999999999547e-07
4.559917313492234831e-05
5.115909044841458915e-05
9.999999999999999547e-07
9.999999999999999547e-07
4.641000000000000966e-06
2.277615623902473716e-03
9.999999999999999547e-07
5.923485776104002280e-03
9.999999999999999547e-07
