6.427757360336455728e-02
2.685351491508289334e-01
1.138793581803501792e-01
2.953896640659118278e-01
1.834099502430358575e-01
2.998062754174598762e-02
1.138793581803501792e-01
8.555676046607825491e-02
2.441219537734808098e-01
4.829020556225735450e-02
3.297969029592058565e-02
5.233085242722710362e-01
4.757341129747918451e-01
3.990752525806391671e-02
2.017519452673394720e-01
3.297969029592058565e-02
2.252240236044025443e-02
4.389927778387031632e-02
6.427757360336455728e-02
9.270806881783093534e-01
9.411343651268608279e-02
2.685351491508289334e-01
2.219281397940734424e-01
2.441219537734808098e-01
7.777796406007113361e-02
1.050153199500059031e-02
3.574235935197533354e-01
8.555676046607825491e-02
9.601723378487244959e-04
4.829020556225735450e-02
2.252240236044025443e-02
1.861182013259524842e-02
2.219281397940734424e-01
1.138793581803501792e-01
7.777796406007113361e-02
3.627865932551264938e-02
8.555676046607825491e-02
1.515767357380461422e-01
6.427757360336455728e-02
2.219281397940734424e-01
1.035257801639546948e-01
1.252682939983852106e-01
2.725420685613271291e-02
5.843324873033141353e-02
3.627865932551264938e-02
2.953896640659118278e-01
1.377961233982237521e-01
3.249296304725030060e-01
5.756403766994981908e-01
1.667354093118507685e-01
1.252682939983852106e-01
4.829020556225735450e-02
9.411343651268608279e-02
1.834099502430358575e-01
1.834099502430358575e-01
6.427757360336455728e-02
2.017519452673394720e-01
1.834099502430358575e-01
4.389927778387031632e-02
4.389927778387031632e-02
2.017519452673394720e-01
1.377961233982237521e-01
2.685351491508289334e-01
3.297969029592058565e-02
1.861182013259524842e-02
9.270806881783093534e-01
6.965269558063930111e-01
8.427997165257357093e-01
9.545938177273262382e-03
1.035257801639546948e-01
