2.953896640659118278e-01
3.574235935197533354e-01
5.233085242722710362e-01
2.953896640659118278e-01
2.725420685613271291e-02
1.834099502430358575e-01
8.555676046607825491e-02
1.834099502430358575e-01
4.324846481589016411e-01
1.121769732695754307e+00
4.757341129747918451e-01
1.138793581803501792e-01
5.384077978276365431e-03
3.931669528717287032e-01
4.324846481589016411e-01
5.843324873033141353e-02
4.389927778387031632e-02
7.070633096370101955e-02
1.252682939983852106e-01
2.685351491508289334e-01
5.233085242722710362e-01
1.834099502430358575e-01
2.219281397940734424e-01
4.324846481589016411e-01
4.829020556225735450e-02
2.953896640659118278e-01
5.756403766994981908e-01
2.017519452673394720e-01
9.545938177273262382e-03
7.777796406007113361e-02
1.050153199500059031e-02
1.377961233982237521e-01
9.601723378487244959e-04
3.339298034955612716e-03
9.411343651268608279e-02
7.777796406007113361e-02
3.931669528717287032e-01
5.154537568380016310e+00
3.574235935197533354e-01
2.645087930520553243e+00
4.757341129747918451e-01
3.931669528717287032e-01
4.829020556225735450e-02
5.312022611848309789e-02
1.252682939983852106e-01
2.219281397940734424e-01
7.070633096370101955e-02
1.515767357380461422e-01
1.138793581803501792e-01
2.017519452673394720e-01
3.931669528717287032e-01
2.017519452673394720e-01
2.017519452673394720e-01
7.070633096370101955e-02
1.270895371395071652e-02
2.725420685613271291e-02
4.829020556225735450e-02
1.398084908534578952e-02
6.427757360336455728e-02
1.515767357380461422e-01
5.843324873033141353e-02
2.047400214585477426e-02
1.410429319844318068e-03
1.138793581803501792e-01
1.667354093118507685e-01
2.685351491508289334e-01
3.249296304725030060e-01
1.155268519450065000e-02
1.035257801639546948e-01
3.249296304725030060e-01
