4.447915684525921391e-03
1.552472251828749964e-03
1.252682939983852106e-01
7.777796406007113361e-02
3.931669528717287032e-01
4.042650622296291817e-03
2.368499683359948449e+01
1.281299381676652589e-03
2.991268053287073482e-04
1.377961233982237521e-01
7.169517789085844660e-03
7.070633096370101955e-02
1.644940226888643245e-04
1.493078824218049494e+00
9.270806881783093534e-01
5.870481141728854709e+04
1.545881161694977345e+04
1.357343476561863049e+00
6.332054143694481052e-01
4.070788245806091709e+03
2.710243684806429971e-04
8.994376403477340887e+01
1.667354093118507685e-01
3.200558495929869629e+00
2.909597723572608707e+00
3.339298034955612716e-03
4.389927778387031632e-02
1.667354093118507685e-01
9.411343651268608279e-02
5.154537568380016310e+00
9.411343651268608279e-02
2.017519452673394720e-01
1.215414353701133621e+01
2.138428376721000706e-05
1.155268519450065000e-02
1.691892739326840769e-02
3.297969029592058565e-02
1.779488619353830359e+01
3.467720850507301122e+01
2.506377186292721437e-03
3.574235935197533354e-01
4.042650622296291817e-03
3.339298034955612716e-03
1.398084908534578952e-02
3.297969029592058565e-02
1.486309297171493687e-04
7.887469567994430386e-03
6.516834353714403248e-03
5.923485776104002280e-03
4.893707252978513750e-03
5.923485776104002280e-03
3.034816395414193218e-03
3.339298034955612716e-03
4.447915684525921391e-03
9.834705943388382505e-05
9.411343651268608279e-02
2.277615623902473716e-03
1.708719477011625115e-03
7.777796406007113361e-02
4.447915684525921391e-03
2.252240236044025443e-02
2.454766986187663586e-04
7.189048368510325086e-04
2.047400214585477426e-02
2.477564259648428260e-02
1.155268519450065000e-02
4.878518112499366684e-04
8.677216524793874772e-03
1.644940226888643245e-04
8.427997165257357093e-01
