5.384077978276365431e-03
9.270806881783093534e-01
5.843324873033141353e-02
5.756403766994981908e-01
1.138793581803501792e-01
2.758014904921993714e-03
1.377961233982237521e-01
1.035257801639546948e-01
9.411343651268608279e-02
1.691892739326840769e-02
1.252682939983852106e-01
5.756403766994981908e-01
6.332054143694481052e-01
7.777796406007113361e-02
6.332054143694481052e-01
2.219281397940734424e-01
2.953896640659118278e-01
3.574235935197533354e-01
6.965269558063930111e-01
8.427997165257357093e-01
4.324846481589016411e-01
9.270806881783093534e-01
3.931669528717287032e-01
9.999999999999999547e-07
4.324846481589016411e-01
3.310000000000000496e-06
8.427997165257357093e-01
3.931669528717287032e-01
9.999999999999999547e-07
1.667354093118507685e-01
2.100000000000000223e-06
6.332054143694481052e-01
2.506377186292721437e-03
1.377961233982237521e-01
7.917953205361358054e-04
7.777796406007113361e-02
5.312022611848309789e-02
1.880591424712787759e-03
9.999999999999999547e-07
2.017519452673394720e-01
6.332054143694481052e-01
7.661806513870323965e-01
1.091817653772722183e-04
9.270806881783093534e-01
2.685351491508289334e-01
3.249296304725030060e-01
9.601723378487244959e-04
7.661806513870323965e-01
3.249296304725030060e-01
4.389927778387031632e-02
9.270806881783093534e-01
1.050153199500059031e-02
2.277615623902473716e-03
3.674227838451174337e-03
1.834099502430358575e-01
1.834099502430358575e-01
1.035257801639546948e-01
2.017519452673394720e-01
3.574235935197533354e-01
2.758014904921993714e-03
9.545938177273262382e-03
4.757341129747918451e-01
3.931669528717287032e-01
1.377961233982237521e-01
3.339298034955612716e-03
7.169517789085844660e-03
1.537993399388036878e-02
7.661806513870323965e-01
9.545938177273262382e-03
9.487171000000001937e-06
