4.893707252978513750e-03
1.163908528796956917e-03
4.893707252978513750e-03
2.452271214393101072e-05
9.999999999999999547e-07
9.999999999999999547e-07
9.999999999999999547e-07
9.487171000000001937e-06
5.924006916124234523e-04
4.014477778925095558e-04
1.819434249577507677e-04
5.115909044841458915e-05
2.506377186292721437e-03
9.999999999999999547e-07
9.999999999999999547e-07
9.999999999999999547e-07
9.999999999999999547e-07
9.999999999999999547e-07
4.054470284992940394e-05
2.953896640659118278e-01
1.448553375207430065e+02
9.999999999999999547e-07
7.715610000000001841e-06
4.559917313492234831e-05
9.999999999999999547e-07
2.100000000000000223e-06
3.300394858615780910e-04
9.487171000000001937e-06
2.100000000000000223e-06
2.138428376721000706e-05
3.310000000000000496e-06
9.999999999999999547e-07
9.999999999999999547e-07
1.708719477011625115e-03
3.931669528717287032e-01
3.177248169415652679e-05
3.594972986357218548e-05
6.526407607736658652e-04
4.641000000000000966e-06
9.999999999999999547e-07
2.452271214393101072e-05
1.210999419149994482e-04
9.999999999999999547e-07
7.715610000000001841e-06
9.487171000000001937e-06
1.281299381676652589e-03
1.252682939983852106e-01
7.715610000000001841e-06
7.661806513870323965e-01
2.138428376721000706e-05
3.594972986357218548e-05
6.526407607736658652e-04
2.277615623902473716e-03
1.853116706110000619e-05
1.163908528796956917e-03
9.999999999999999547e-07
2.452271214393101072e-05
3.300394858615780910e-04
7.715610000000001841e-06
9.601723378487244959e-04
3.310000000000000496e-06
5.924006916124234523e-04
2.710243684806429971e-04
9.487171000000001937e-06
2.797498335832411442e-05
7.715610000000001841e-06
3.574235935197533354e-01
1.486309297171493687e-04
1.252682939983852106e-01
8.427997165257357093e-01
