9.411343651268608279e-02
8.427997165257357093e-01
1.252682939983852106e-01
8.427997165257357093e-01
2.685351491508289334e-01
2.506377186292721437e-03
7.777796406007113361e-02
2.998062754174598762e-02
2.252240236044025443e-02
4.389927778387031632e-02
2.725420685613271291e-02
4.389927778387031632e-02
5.233085242722710362e-01
4.389927778387031632e-02
2.017519452673394720e-01
3.931669528717287032e-01
6.965269558063930111e-01
7.661806513870323965e-01
6.332054143694481052e-01
5.233085242722710362e-01
4.389927778387031632e-02
1.377961233982237521e-01
4.324846481589016411e-01
2.441219537734808098e-01
3.931669528717287032e-01
5.843324873033141353e-02
3.931669528717287032e-01
2.685351491508289334e-01
1.819434249577507677e-04
1.834099502430358575e-01
2.069650567184066776e-03
5.233085242722710362e-01
2.277615623902473716e-03
1.138793581803501792e-01
2.069650567184066776e-03
4.893707252978513750e-03
4.324846481589016411e-01
2.685351491508289334e-01
3.574235935197533354e-01
8.555676046607825491e-02
3.249296304725030060e-01
7.661806513870323965e-01
1.281299381676652589e-03
1.398084908534578952e-02
1.377961233982237521e-01
3.990752525806391671e-02
1.155268519450065000e-02
4.893707252978513750e-03
2.477564259648428260e-02
5.843324873033141353e-02
1.667354093118507685e-01
6.516834353714403248e-03
1.252682939983852106e-01
1.155268519450065000e-02
1.138793581803501792e-01
1.861182013259524842e-02
1.834099502430358575e-01
3.297969029592058565e-02
1.834099502430358575e-01
2.017519452673394720e-01
1.252682939983852106e-01
6.427757360336455728e-02
2.477564259648428260e-02
3.249296304725030060e-01
1.552472251828749964e-03
1.537993399388036878e-02
8.677216524793874772e-03
7.661806513870323965e-01
7.887469567994430386e-03
3.574235935197533354e-01
