3.627865932551264938e-02
3.674227838451174337e-03
1.138793581803501792e-01
2.685351491508289334e-01
9.545938177273262382e-03
1.708719477011625115e-03
1.035257801639546948e-01
7.777796406007113361e-02
1.861182013259524842e-02
1.691892739326840769e-02
2.069650567184066776e-03
2.047400214585477426e-02
7.661806513870323965e-01
1.537993399388036878e-02
4.893707252978513750e-03
2.017519452673394720e-01
7.777796406007113361e-02
1.691892739326840769e-02
2.998062754174598762e-02
5.233085242722710362e-01
1.537993399388036878e-02
3.574235935197533354e-01
5.843324873033141353e-02
1.252682939983852106e-01
2.477564259648428260e-02
2.477564259648428260e-02
1.667354093118507685e-01
8.677216524793874772e-03
2.222515441988784759e-04
4.389927778387031632e-02
4.757341129747918451e-01
7.169517789085844660e-03
3.249296304725030060e-01
4.829020556225735450e-02
6.965269558063930111e-01
7.070633096370101955e-02
2.725420685613271291e-02
9.411343651268608279e-02
8.555676046607825491e-02
7.070633096370101955e-02
1.050153199500059031e-02
2.685351491508289334e-01
8.555676046607825491e-02
5.233085242722710362e-01
9.545938177273262382e-03
4.324846481589016411e-01
1.880591424712787759e-03
9.270806881783093534e-01
1.155268519450065000e-02
1.515767357380461422e-01
1.834099502430358575e-01
1.834099502430358575e-01
1.398084908534578952e-02
2.017519452673394720e-01
1.667354093118507685e-01
1.138793581803501792e-01
5.233085242722710362e-01
8.555676046607825491e-02
3.931669528717287032e-01
4.324846481589016411e-01
6.516834353714403248e-03
1.377961233982237521e-01
1.667354093118507685e-01
7.887469567994430386e-03
3.931669528717287032e-01
1.515767357380461422e-01
2.252240236044025443e-02
5.756403766994981908e-01
5.923485776104002280e-03
9.411343651268608279e-02
