9.601723378487244959e-04
3.249296304725030060e-01
1.593742460100000324e-05
9.999999999999999547e-07
9.999999999999999547e-07
1.593742460100000324e-05
9.999999999999999547e-07
5.727499949325605069e-05
2.100000000000000223e-06
9.834705943388382505e-05
4.559917313492234831e-05
4.641000000000000966e-06
2.991268053287073482e-04
9.999999999999999547e-07
3.310000000000000496e-06
9.999999999999999547e-07
9.999999999999999547e-07
9.999999999999999547e-07
3.310000000000000496e-06
2.953896640659118278e-01
9.999999999999999547e-07
9.999999999999999547e-07
3.310000000000000496e-06
9.999999999999999547e-07
9.999999999999999547e-07
6.105100000000001060e-06
4.641000000000000966e-06
2.100000000000000223e-06
9.999999999999999547e-07
2.100000000000000223e-06
2.100000000000000223e-06
9.999999999999999547e-07
9.999999999999999547e-07
3.177248169415652679e-05
5.924006916124234523e-04
3.594972986357218548e-05
4.641000000000000966e-06
1.853116706110000619e-05
2.100000000000000223e-06
9.999999999999999547e-07
3.310000000000000496e-06
3.300394858615780910e-04
9.999999999999999547e-07
3.310000000000000496e-06
9.999999999999999547e-07
4.425925556817605412e-04
2.797498335832411442e-05
9.999999999999999547e-07
1.091817653772722183e-04
5.115909044841458915e-05
1.143588810000000221e-05
2.797498335832411442e-05
4.054470284992940394e-05
2.138428376721000706e-05
6.105100000000001060e-06
9.999999999999999547e-07
1.143588810000000221e-05
1.819434249577507677e-04
9.999999999999999547e-07
1.853116706110000619e-05
9.999999999999999547e-07
2.710243684806429971e-04
6.400249944258165364e-05
1.143588810000000221e-05
3.310000000000000496e-06
3.594972986357218548e-05
1.486309297171493687e-04
3.177248169415652679e-05
7.887469567994430386e-03
9.999999999999999547e-07
