2.710243684806429971e-04
3.640434344477359082e-04
1.691892739326840769e-02
3.297969029592058565e-02
4.324846481589016411e-01
1.861182013259524842e-02
4.195942439113834865e+01
8.719748525897494211e-04
3.594972986357218548e-05
8.677216524793874772e-03
1.708719477011625115e-03
2.252240236044025443e-02
1.593742460100000324e-05
2.219281397940734424e-01
1.377961233982237521e-01
1.642387706639854450e+00
5.870481141728854709e+04
2.953896640659118278e-01
1.138793581803501792e-01
1.071965767415876599e+03
2.797498335832411442e-05
1.252682939983852106e-01
1.377961233982237521e-01
3.872677880075142909e+00
1.357343476561863049e+00
2.069650567184066776e-03
7.887469567994430386e-03
6.427757360336455728e-02
3.627865932551264938e-02
3.872677880075142909e+00
1.515767357380461422e-01
1.667354093118507685e-01
4.259946668082657872e+00
1.143588810000000221e-05
2.506377186292721437e-03
2.758014904921993714e-03
4.893707252978513750e-03
2.368499683359948449e+01
2.332909757356318892e+02
1.410429319844318068e-03
2.219281397940734424e-01
3.034816395414193218e-03
4.893707252978513750e-03
3.674227838451174337e-03
3.990752525806391671e-02
9.834705943388382505e-05
1.057189571633597057e-03
3.339298034955612716e-03
8.719748525897494211e-04
2.277615623902473716e-03
4.042650622296291817e-03
1.880591424712787759e-03
1.708719477011625115e-03
2.758014904921993714e-03
1.357947691000000302e-05
2.047400214585477426e-02
5.924006916124234523e-04
7.189048368510325086e-04
5.312022611848309789e-02
2.277615623902473716e-03
1.155268519450065000e-02
8.849732675807619358e-05
3.300394858615780910e-04
9.545938177273262382e-03
9.545938177273262382e-03
1.552472251828749964e-03
2.011377674535258552e-04
7.887469567994430386e-03
7.140274938683981892e-05
3.574235935197533354e-01
