9.601723378487244959e-04
1.357947691000000302e-05
1.163908528796956917e-03
6.400249944258165364e-05
1.593742460100000324e-05
2.991268053287073482e-04
4.641000000000000966e-06
1.163908528796956917e-03
1.880591424712787759e-03
2.685351491508289334e-01
7.917953205361358054e-04
1.143588810000000221e-05
5.384077978276365431e-03
6.400249944258165364e-05
2.452271214393101072e-05
3.310000000000000496e-06
4.641000000000000966e-06
1.593742460100000324e-05
4.559917313492234831e-05
9.999999999999999547e-07
9.545938177273262382e-03
9.834705943388382505e-05
2.991268053287073482e-04
4.014477778925095558e-04
3.594972986357218548e-05
1.057189571633597057e-03
1.880591424712787759e-03
1.143588810000000221e-05
2.452271214393101072e-05
2.991268053287073482e-04
6.400249944258165364e-05
9.487171000000001937e-06
2.710243684806429971e-04
6.427757360336455728e-02
2.011377674535258552e-04
7.189048368510325086e-04
1.210999419149994482e-04
2.047400214585477426e-02
9.999999999999999547e-07
2.506377186292721437e-03
7.715610000000001841e-06
4.425925556817605412e-04
1.342099361064994065e-04
2.452271214393101072e-05
1.143588810000000221e-05
9.601723378487244959e-04
2.454766986187663586e-04
4.425925556817605412e-04
2.222515441988784759e-04
3.640434344477359082e-04
4.014477778925095558e-04
1.057189571633597057e-03
2.710243684806429971e-04
3.300394858615780910e-04
1.552472251828749964e-03
1.486309297171493687e-04
3.300394858615780910e-04
4.425925556817605412e-04
2.222515441988784759e-04
2.710243684806429971e-04
2.011377674535258552e-04
2.069650567184066776e-03
1.552472251828749964e-03
2.454766986187663586e-04
1.819434249577507677e-04
4.014477778925095558e-04
4.014477778925095558e-04
2.100000000000000223e-06
4.893707252978513750e-03
7.715610000000001841e-06
