1.091817653772722441e+00
5.727499949325605133e-01
1.644940226888643497e+00
6.427757360336453303e+02
5.923485776104000422e+01
5.376369923749303226e+00
6.427757360336453303e+02
5.376369923749303226e+00
1.357947691000000456e-01
3.594972986357218292e-01
2.222515441988784701e+00
2.758014904921992283e+01
6.400249944258166179e-01
2.477564259648427480e+02
1.270895371395071010e+02
1.050153199500058463e+02
1.155268519450064417e+02
4.829020556225733571e+02
1.861182013259524126e+02
1.667354093118506626e+03
4.042650622296290663e+01
2.252240236044024755e+02
4.893707252978511946e+01
2.047400214585476874e+02
3.297969029592057382e+02
2.991268053287073236e+00
7.169517789085841741e+01
1.691892739326839887e+02
1.537993399388035982e+02
2.506377186292720083e+01
3.297969029592057382e+02
9.545938177273258418e+01
4.893707252978511946e+01
2.452271214393101084e-01
2.452271214393101084e-01
2.222515441988784701e+00
3.034816395414191703e+01
5.384077978276363297e+01
1.667354093118506626e+03
2.454766986187663314e+00
3.627865932551263768e+02
1.819434249577507989e+00
2.710243684806429965e+00
4.447915684525919744e+01
9.834705943388384330e-01
7.140274938683983663e-01
1.357947691000000456e-01
2.138428376721000779e-01
8.849732675807621129e-01
1.342099361064994500e+00
2.222515441988784701e+00
4.559917313492234947e-01
2.710243684806429965e+00
7.954302432552382562e-01
1.210999419149994871e+00
1.708719477011624477e+01
1.708719477011624477e+01
2.222515441988784701e+00
1.708719477011624477e+01
7.917953205361356162e+00
2.222515441988784701e+00
1.091817653772722441e+00
1.644940226888643497e+00
7.954302432552382562e-01
1.644940226888643497e+00
6.526407607736657290e+00
1.486309297171493959e+00
4.014477778925095386e+00
7.715610000000000523e-02
1.410429319844317497e+01
