7.189048368510325086e-04
5.376369923749303595e-04
3.990752525806391671e-02
1.552472251828749964e-03
5.924006916124234523e-04
1.486309297171493687e-04
2.186021347537646875e+00
5.924006916124234523e-04
1.210999419149994482e-04
7.777796406007113361e-02
3.339298034955612716e-03
1.819434249577507677e-04
1.091817653772722183e-04
9.411343651268608279e-02
2.047400214585477426e-02
2.277615623902473716e-03
3.640434344477359082e-04
9.834705943388382505e-05
6.526407607736658652e-04
1.537993399388036878e-02
8.338603536715246737e+06
9.999999999999999547e-07
1.163908528796956917e-03
3.177248169415652679e-05
4.425925556817605412e-04
7.140274938683981892e-05
4.042650622296291817e-03
6.516834353714403248e-03
5.376369923749303595e-04
4.447915684525921391e-03
9.545938177273262382e-03
9.601723378487244959e-04
2.725420685613271291e-02
7.715610000000001841e-06
7.887469567994430386e-03
7.887469567994430386e-03
7.169517789085844660e-03
6.427757360336455728e-02
2.685351491508289334e-01
4.014477778925095558e-04
3.990752525806391671e-02
2.069650567184066776e-03
1.708719477011625115e-03
1.486309297171493687e-04
1.210999419149994482e-04
8.849732675807619358e-05
4.447915684525921391e-03
3.674227838451174337e-03
1.708719477011625115e-03
1.281299381676652589e-03
5.924006916124234523e-04
3.640434344477359082e-04
1.057189571633597057e-03
1.057189571633597057e-03
3.177248169415652679e-05
5.924006916124234523e-04
9.999999999999999547e-07
7.189048368510325086e-04
4.389927778387031632e-02
1.552472251828749964e-03
9.601723378487244959e-04
9.834705943388382505e-05
3.640434344477359082e-04
4.042650622296291817e-03
7.140274938683981892e-05
7.169517789085844660e-03
1.644940226888643245e-04
4.893707252978513750e-03
7.140274938683981892e-05
1.861182013259524842e-02
