5.312022611848309789e-02
5.756403766994981908e-01
3.574235935197533354e-01
2.953896640659118278e-01
1.252682939983852106e-01
2.069650567184066776e-03
3.627865932551264938e-02
9.411343651268608279e-02
3.931669528717287032e-01
1.667354093118507685e-01
1.667354093118507685e-01
1.377961233982237521e-01
6.332054143694481052e-01
1.252682939983852106e-01
3.931669528717287032e-01
3.627865932551264938e-02
3.990752525806391671e-02
5.756403766994981908e-01
1.138793581803501792e-01
4.757341129747918451e-01
2.017519452673394720e-01
2.685351491508289334e-01
2.953896640659118278e-01
9.411343651268608279e-02
2.441219537734808098e-01
1.252682939983852106e-01
2.953896640659118278e-01
7.777796406007113361e-02
1.057189571633597057e-03
5.843324873033141353e-02
2.219281397940734424e-01
9.411343651268608279e-02
1.252682939983852106e-01
1.515767357380461422e-01
6.332054143694481052e-01
9.411343651268608279e-02
1.667354093118507685e-01
1.357343476561863049e+00
2.441219537734808098e-01
2.685351491508289334e-01
2.953896640659118278e-01
1.515767357380461422e-01
2.477564259648428260e-02
3.297969029592058565e-02
5.115909044841458915e-05
2.953896640659118278e-01
2.017519452673394720e-01
8.555676046607825491e-02
5.233085242722710362e-01
1.252682939983852106e-01
1.138793581803501792e-01
2.953896640659118278e-01
7.777796406007113361e-02
9.545938177273262382e-03
9.999999999999999547e-07
7.777796406007113361e-02
7.777796406007113361e-02
2.219281397940734424e-01
5.312022611848309789e-02
7.777796406007113361e-02
2.219281397940734424e-01
4.757341129747918451e-01
5.756403766994981908e-01
1.667354093118507685e-01
2.685351491508289334e-01
2.017519452673394720e-01
2.685351491508289334e-01
8.427997165257357093e-01
2.252240236044025443e-02
4.829020556225735450e-02
