1.853116706110000619e-05
4.757341129747918451e-01
4.641000000000000966e-06
9.999999999999999547e-07
9.999999999999999547e-07
6.105100000000001060e-06
9.999999999999999547e-07
9.999999999999999547e-07
1.281299381676652589e-03
9.487171000000001937e-06
1.486309297171493687e-04
9.999999999999999547e-07
5.727499949325605069e-05
9.999999999999999547e-07
9.999999999999999547e-07
9.999999999999999547e-07
9.999999999999999547e-07
9.999999999999999547e-07
9.999999999999999547e-07
9.999999999999999547e-07
9.999999999999999547e-07
9.999999999999999547e-07
9.999999999999999547e-07
9.999999999999999547e-07
9.999999999999999547e-07
4.641000000000000966e-06
6.105100000000001060e-06
9.999999999999999547e-07
9.999999999999999547e-07
9.999999999999999547e-07
2.100000000000000223e-06
9.999999999999999547e-07
9.999999999999999547e-07
2.452271214393101072e-05
1.357947691000000302e-05
2.138428376721000706e-05
7.715610000000001841e-06
2.454766986187663586e-04
9.999999999999999547e-07
2.138428376721000706e-05
9.999999999999999547e-07
1.357947691000000302e-05
9.999999999999999547e-07
9.999999999999999547e-07
9.999999999999999547e-07
3.310000000000000496e-06
2.452271214393101072e-05
2.452271214393101072e-05
7.715610000000001841e-06
2.100000000000000223e-06
2.100000000000000223e-06
1.853116706110000619e-05
4.054470284992940394e-05
4.641000000000000966e-06
1.357947691000000302e-05
9.999999999999999547e-07
9.999999999999999547e-07
6.105100000000001060e-06
9.999999999999999547e-07
6.105100000000001060e-06
9.999999999999999547e-07
9.999999999999999547e-07
9.999999999999999547e-07
2.100000000000000223e-06
9.999999999999999547e-07
4.641000000000000966e-06
1.050153199500059031e-02
9.999999999999999547e-07
8.677216524793874772e-03
9.487171000000001937e-06
