7.070633096370101955e-02
5.960041075325701058e+03
8.427997165257357093e-01
6.105100000000001060e-06
4.054470284992940394e-05
3.574235935197533354e-01
9.999999999999999547e-07
1.210999419149994482e-04
2.685351491508289334e-01
5.756403766994981908e-01
4.324846481589016411e-01
9.834705943388382505e-05
1.138793581803501792e-01
9.999999999999999547e-07
3.310000000000000496e-06
9.999999999999999547e-07
9.999999999999999547e-07
9.999999999999999547e-07
4.641000000000000966e-06
3.249296304725030060e-01
3.310000000000000496e-06
9.999999999999999547e-07
4.054470284992940394e-05
3.310000000000000496e-06
2.100000000000000223e-06
9.999999999999999547e-07
5.727499949325605069e-05
2.100000000000000223e-06
3.310000000000000496e-06
9.999999999999999547e-07
9.487171000000001937e-06
3.177248169415652679e-05
9.999999999999999547e-07
2.477564259648428260e-02
2.441219537734808098e-01
1.377961233982237521e-01
2.953896640659118278e-01
6.526407607736658652e-04
7.715610000000001841e-06
2.991268053287073482e-04
2.100000000000000223e-06
3.310000000000000496e-06
1.853116706110000619e-05
2.138428376721000706e-05
1.667354093118507685e-01
8.677216524793874772e-03
5.233085242722710362e-01
2.219281397940734424e-01
1.515767357380461422e-01
1.819434249577507677e-04
2.219281397940734424e-01
2.953896640659118278e-01
2.017519452673394720e-01
3.249296304725030060e-01
2.758014904921993714e-03
9.999999999999999547e-07
4.559917313492234831e-05
1.708719477011625115e-03
9.999999999999999547e-07
5.727499949325605069e-05
4.641000000000000966e-06
3.297969029592058565e-02
1.861182013259524842e-02
3.594972986357218548e-05
2.017519452673394720e-01
4.757341129747918451e-01
1.667354093118507685e-01
1.486309297171493687e-04
7.777796406007113361e-02
5.233085242722710362e-01
