1.834099502430358575e-01
2.953896640659118278e-01
2.441219537734808098e-01
4.324846481589016411e-01
1.515767357380461422e-01
3.339298034955612716e-03
4.389927778387031632e-02
1.035257801639546948e-01
3.249296304725030060e-01
3.249296304725030060e-01
3.574235935197533354e-01
6.427757360336455728e-02
7.661806513870323965e-01
7.777796406007113361e-02
2.953896640659118278e-01
3.627865932551264938e-02
2.017519452673394720e-01
1.138793581803501792e-01
1.667354093118507685e-01
7.661806513870323965e-01
5.843324873033141353e-02
1.667354093118507685e-01
2.685351491508289334e-01
2.017519452673394720e-01
2.441219537734808098e-01
1.515767357380461422e-01
3.931669528717287032e-01
1.252682939983852106e-01
8.677216524793874772e-03
6.427757360336455728e-02
3.249296304725030060e-01
2.219281397940734424e-01
1.377961233982237521e-01
3.249296304725030060e-01
6.965269558063930111e-01
6.427757360336455728e-02
1.515767357380461422e-01
2.404624482291411791e+00
7.661806513870323965e-01
7.661806513870323965e-01
2.017519452673394720e-01
1.035257801639546948e-01
3.990752525806391671e-02
1.515767357380461422e-01
2.219281397940734424e-01
2.219281397940734424e-01
3.297969029592058565e-02
3.297969029592058565e-02
2.219281397940734424e-01
1.138793581803501792e-01
1.515767357380461422e-01
6.427757360336455728e-02
2.441219537734808098e-01
2.252240236044025443e-02
1.667354093118507685e-01
5.843324873033141353e-02
7.777796406007113361e-02
2.017519452673394720e-01
1.035257801639546948e-01
6.427757360336455728e-02
7.070633096370101955e-02
4.757341129747918451e-01
6.332054143694481052e-01
6.427757360336455728e-02
8.555676046607825491e-02
1.834099502430358575e-01
3.574235935197533354e-01
2.909597723572608707e+00
2.047400214585477426e-02
5.756403766994981908e-01
