7.070633096370101955e-02
7.661806513870323965e-01
5.312022611848309789e-02
2.685351491508289334e-01
1.515767357380461422e-01
2.758014904921993714e-03
1.515767357380461422e-01
1.357947691000000302e-05
1.834099502430358575e-01
1.667354093118507685e-01
1.398084908534578952e-02
3.931669528717287032e-01
6.332054143694481052e-01
1.035257801639546948e-01
6.332054143694481052e-01
3.249296304725030060e-01
6.965269558063930111e-01
7.661806513870323965e-01
1.667354093118507685e-01
8.427997165257357093e-01
6.332054143694481052e-01
9.270806881783093534e-01
6.332054143694481052e-01
9.999999999999999547e-07
6.332054143694481052e-01
2.100000000000000223e-06
2.017519452673394720e-01
1.515767357380461422e-01
9.999999999999999547e-07
9.999999999999999547e-07
4.641000000000000966e-06
2.017519452673394720e-01
1.552472251828749964e-03
1.252682939983852106e-01
7.917953205361358054e-04
3.990752525806391671e-02
4.757341129747918451e-01
2.069650567184066776e-03
9.999999999999999547e-07
2.998062754174598762e-02
6.332054143694481052e-01
2.953896640659118278e-01
3.594972986357218548e-05
1.252682939983852106e-01
9.411343651268608279e-02
3.931669528717287032e-01
1.057189571633597057e-03
8.677216524793874772e-03
4.757341129747918451e-01
7.070633096370101955e-02
9.270806881783093534e-01
1.377961233982237521e-01
2.506377186292721437e-03
2.758014904921993714e-03
1.667354093118507685e-01
1.035257801639546948e-01
2.441219537734808098e-01
1.834099502430358575e-01
5.233085242722710362e-01
7.169517789085844660e-03
1.834099502430358575e-01
7.777796406007113361e-02
2.219281397940734424e-01
2.047400214585477426e-02
3.034816395414193218e-03
3.297969029592058565e-02
1.861182013259524842e-02
7.661806513870323965e-01
8.677216524793874772e-03
4.757341129747918451e-01
