3.990752525806391671e-02
6.965269558063930111e-01
2.758014904921993714e-03
4.425925556817605412e-04
3.640434344477359082e-04
2.710243684806429971e-04
9.411343651268608279e-02
7.169517789085844660e-03
2.441219537734808098e-01
4.829020556225735450e-02
6.427757360336455728e-02
1.210999419149994482e-04
3.931669528717287032e-01
2.252240236044025443e-02
5.312022611848309789e-02
1.398084908534578952e-02
2.710243684806429971e-04
2.725420685613271291e-02
1.410429319844318068e-03
9.487171000000001937e-06
1.270895371395071652e-02
4.042650622296291817e-03
4.447915684525921391e-03
1.270895371395071652e-02
1.281299381676652589e-03
4.829020556225735450e-02
1.537993399388036878e-02
4.014477778925095558e-04
5.115909044841458915e-05
2.069650567184066776e-03
1.880591424712787759e-03
1.410429319844318068e-03
1.281299381676652589e-03
3.990752525806391671e-02
8.719748525897494211e-04
5.843324873033141353e-02
5.376369923749303595e-04
4.324846481589016411e-01
3.640434344477359082e-04
1.834099502430358575e-01
4.425925556817605412e-04
1.342099361064994065e-04
8.719748525897494211e-04
7.189048368510325086e-04
1.593742460100000324e-05
3.990752525806391671e-02
1.163908528796956917e-03
4.878518112499366684e-04
1.163908528796956917e-03
5.843324873033141353e-02
4.042650622296291817e-03
9.601723378487244959e-04
3.674227838451174337e-03
1.708719477011625115e-03
8.555676046607825491e-02
4.447915684525921391e-03
2.506377186292721437e-03
2.252240236044025443e-02
8.719748525897494211e-04
4.324846481589016411e-01
8.677216524793874772e-03
5.312022611848309789e-02
2.441219537734808098e-01
3.674227838451174337e-03
4.878518112499366684e-04
2.685351491508289334e-01
2.011377674535258552e-04
1.270895371395071652e-02
3.034816395414193218e-03
7.715610000000001841e-06
