2.454766986187663586e-04
1.708719477011625115e-03
1.155268519450065000e-02
3.300394858615780910e-04
9.601723378487244959e-04
5.923485776104002280e-03
2.454766986187663586e-04
5.924006916124234523e-04
1.593742460100000324e-05
5.923485776104002280e-03
6.526407607736658652e-04
2.998062754174598762e-02
1.143588810000000221e-05
9.487171000000001937e-06
1.342099361064994065e-04
5.923485776104002280e-03
5.115909044841458915e-05
4.559917313492234831e-05
2.477564259648428260e-02
4.546181231788821719e+02
3.990752525806391671e-02
1.210999419149994482e-04
5.923485776104002280e-03
8.677216524793874772e-03
7.715610000000001841e-06
7.954302432552380750e-05
5.376369923749303595e-04
2.011377674535258552e-04
2.998062754174598762e-02
2.710243684806429971e-04
4.559917313492234831e-05
1.398084908534578952e-02
7.954302432552380750e-05
9.999999999999999547e-07
5.376369923749303595e-04
5.924006916124234523e-04
1.163908528796956917e-03
1.210999419149994482e-04
3.931669528717287032e-01
2.454766986187663586e-04
3.034816395414193218e-03
8.719748525897494211e-04
1.057189571633597057e-03
9.999999999999999547e-07
1.155268519450065000e-02
1.853116706110000619e-05
1.644940226888643245e-04
7.917953205361358054e-04
2.710243684806429971e-04
2.011377674535258552e-04
5.727499949325605069e-05
7.954302432552380750e-05
2.991268053287073482e-04
1.163908528796956917e-03
1.143588810000000221e-05
2.454766986187663586e-04
9.999999999999999547e-07
4.878518112499366684e-04
4.829020556225735450e-02
3.300394858615780910e-04
5.727499949325605069e-05
6.400249944258165364e-05
5.727499949325605069e-05
7.917953205361358054e-04
1.281299381676652589e-03
1.281299381676652589e-03
1.342099361064994065e-04
2.138428376721000706e-05
1.593742460100000324e-05
1.252682939983852106e-01
