1.210999419149994482e-04
4.878518112499366684e-04
1.644940226888643245e-04
9.999999999999999547e-07
6.105100000000001060e-06
9.999999999999999547e-07
9.999999999999999547e-07
7.140274938683981892e-05
1.143588810000000221e-05
2.454766986187663586e-04
2.277615623902473716e-03
9.487171000000001937e-06
1.398084908534578952e-02
9.999999999999999547e-07
3.310000000000000496e-06
9.999999999999999547e-07
9.999999999999999547e-07
9.999999999999999547e-07
9.999999999999999547e-07
5.756403766994981908e-01
9.999999999999999547e-07
9.999999999999999547e-07
9.999999999999999547e-07
3.310000000000000496e-06
9.999999999999999547e-07
6.105100000000001060e-06
2.991268053287073482e-04
9.999999999999999547e-07
9.999999999999999547e-07
9.999999999999999547e-07
3.310000000000000496e-06
9.999999999999999547e-07
9.999999999999999547e-07
2.069650567184066776e-03
7.140274938683981892e-05
9.834705943388382505e-05
2.138428376721000706e-05
1.163908528796956917e-03
2.100000000000000223e-06
1.880591424712787759e-03
9.999999999999999547e-07
5.727499949325605069e-05
9.487171000000001937e-06
9.999999999999999547e-07
9.999999999999999547e-07
1.644940226888643245e-04
2.100000000000000223e-06
4.054470284992940394e-05
3.594972986357218548e-05
2.797498335832411442e-05
3.310000000000000496e-06
2.797498335832411442e-05
6.105100000000001060e-06
1.357947691000000302e-05
1.819434249577507677e-04
9.999999999999999547e-07
3.310000000000000496e-06
9.487171000000001937e-06
9.999999999999999547e-07
6.105100000000001060e-06
9.999999999999999547e-07
4.559917313492234831e-05
4.014477778925095558e-04
9.999999999999999547e-07
9.999999999999999547e-07
4.559917313492234831e-05
3.177248169415652679e-05
1.143588810000000221e-05
4.042650622296291817e-03
9.999999999999999547e-07
