1.342099361064994065e-04
1.342099361064994065e-04
9.545938177273262382e-03
2.452271214393101072e-05
3.594972986357218548e-05
4.447915684525921391e-03
8.994376403477340887e+01
3.640434344477359082e-04
1.593742460100000324e-05
3.339298034955612716e-03
3.640434344477359082e-04
3.297969029592058565e-02
2.100000000000000223e-06
3.034816395414193218e-03
2.797498335832411442e-05
5.115909044841458915e-05
2.506377186292721437e-03
4.893707252978513750e-03
8.677216524793874772e-03
2.011377674535258552e-04
2.991268053287073482e-04
1.398084908534578952e-02
1.357947691000000302e-05
1.691892739326840769e-02
5.924006916124234523e-04
4.878518112499366684e-04
1.281299381676652589e-03
4.014477778925095558e-04
3.300394858615780910e-04
2.277615623902473716e-03
1.357947691000000302e-05
4.389927778387031632e-02
1.252682939983852106e-01
9.999999999999999547e-07
3.300394858615780910e-04
2.710243684806429971e-04
1.552472251828749964e-03
1.819434249577507677e-04
9.270806881783093534e-01
1.486309297171493687e-04
2.454766986187663586e-04
7.189048368510325086e-04
2.452271214393101072e-05
7.954302432552380750e-05
5.923485776104002280e-03
1.593742460100000324e-05
1.486309297171493687e-04
7.917953205361358054e-04
2.710243684806429971e-04
4.425925556817605412e-04
4.054470284992940394e-05
1.342099361064994065e-04
4.014477778925095558e-04
1.410429319844318068e-03
1.357947691000000302e-05
5.924006916124234523e-04
9.999999999999999547e-07
3.300394858615780910e-04
4.829020556225735450e-02
4.425925556817605412e-04
3.640434344477359082e-04
6.400249944258165364e-05
5.727499949325605069e-05
4.447915684525921391e-03
1.552472251828749964e-03
6.526407607736658652e-04
4.559917313492234831e-05
6.105100000000001060e-06
5.727499949325605069e-05
2.219281397940734424e-01
