3.297969029592058565e-02
1.819434249577507677e-04
1.987291225034224063e+00
2.138428376721000706e-05
2.100000000000000223e-06
6.965269558063930111e-01
9.999999999999999547e-07
4.641000000000000966e-06
9.411343651268608279e-02
1.121769732695754307e+00
3.990752525806391671e-02
7.140274938683981892e-05
1.515767357380461422e-01
9.999999999999999547e-07
2.138428376721000706e-05
9.999999999999999547e-07
9.999999999999999547e-07
9.999999999999999547e-07
6.105100000000001060e-06
7.661806513870323965e-01
1.316866695643118135e+02
2.100000000000000223e-06
4.641000000000000966e-06
2.452271214393101072e-05
4.641000000000000966e-06
2.991268053287073482e-04
9.834705943388382505e-05
4.641000000000000966e-06
6.105100000000001060e-06
3.310000000000000496e-06
2.138428376721000706e-05
2.797498335832411442e-05
9.999999999999999547e-07
3.034816395414193218e-03
8.427997165257357093e-01
2.219281397940734424e-01
8.427997165257357093e-01
4.014477778925095558e-04
3.310000000000000496e-06
8.849732675807619358e-05
7.715610000000001841e-06
3.310000000000000496e-06
7.715610000000001841e-06
7.954302432552380750e-05
1.834099502430358575e-01
4.893707252978513750e-03
1.138793581803501792e-01
2.441219537734808098e-01
3.931669528717287032e-01
9.999999999999999547e-07
4.757341129747918451e-01
1.667354093118507685e-01
3.574235935197533354e-01
1.377961233982237521e-01
3.674227838451174337e-03
9.999999999999999547e-07
2.797498335832411442e-05
4.014477778925095558e-04
9.999999999999999547e-07
2.138428376721000706e-05
1.143588810000000221e-05
7.887469567994430386e-03
3.674227838451174337e-03
1.486309297171493687e-04
2.017519452673394720e-01
5.756403766994981908e-01
3.249296304725030060e-01
9.834705943388382505e-05
1.515767357380461422e-01
6.332054143694481052e-01
