1.552472251828749964e-03
4.014477778925095558e-04
8.427997165257357093e-01
9.999999999999999547e-07
7.715610000000001841e-06
2.452271214393101072e-05
9.999999999999999547e-07
1.210999419149994482e-04
2.100000000000000223e-06
1.486309297171493687e-04
4.425925556817605412e-04
4.054470284992940394e-05
2.277615623902473716e-03
9.999999999999999547e-07
7.715610000000001841e-06
9.999999999999999547e-07
9.999999999999999547e-07
9.999999999999999547e-07
5.727499949325605069e-05
5.756403766994981908e-01
9.999999999999999547e-07
9.999999999999999547e-07
1.143588810000000221e-05
7.715610000000001841e-06
2.100000000000000223e-06
3.310000000000000496e-06
3.594972986357218548e-05
9.999999999999999547e-07
1.593742460100000324e-05
7.715610000000001841e-06
4.054470284992940394e-05
7.715610000000001841e-06
9.999999999999999547e-07
3.594972986357218548e-05
1.377961233982237521e-01
1.163908528796956917e-03
1.357947691000000302e-05
1.050153199500059031e-02
4.641000000000000966e-06
1.537993399388036878e-02
2.797498335832411442e-05
5.376369923749303595e-04
3.310000000000000496e-06
5.727499949325605069e-05
3.310000000000000496e-06
6.400249944258165364e-05
1.377961233982237521e-01
5.233085242722710362e-01
1.377961233982237521e-01
7.189048368510325086e-04
7.715610000000001841e-06
6.105100000000001060e-06
3.674227838451174337e-03
2.222515441988784759e-04
1.410429319844318068e-03
9.999999999999999547e-07
1.210999419149994482e-04
5.923485776104002280e-03
2.100000000000000223e-06
6.400249944258165364e-05
9.999999999999999547e-07
1.691892739326840769e-02
1.342099361064994065e-04
2.138428376721000706e-05
1.853116706110000619e-05
2.452271214393101072e-05
5.233085242722710362e-01
2.797498335832411442e-05
1.398084908534578952e-02
5.233085242722710362e-01
