2.424420019459399308e-04
1.049311232419385537e-01
2.438015847172062185e-04
1.097247389369643928e-03
8.436567488134476918e-04
4.947648530851387824e-03
6.387200084383474162e-04
2.926272204851687857e-03
3.435569188557608625e-04
4.708426199023220361e-04
2.910060440205924676e-04
5.712272185833324216e-04
3.001868969319538140e-04
1.266768315459982502e-03
1.660243989827762338e-03
1.560293139678233746e-03
1.186986068331826426e-03
2.157559975283180904e-03
5.675228027994198149e-03
2.306982188802567720e-03
3.719476518719036506e-02
7.469262137388762643e-03
1.854354245608956031e-03
2.270564877911704707e-02
1.635602793374139278e-03
1.599812146172074553e-02
1.736773489348194177e-04
1.288042105363845129e-03
2.323026049025929754e-03
6.665417777363207529e-04
1.521013853168698329e-03
9.528727361069983881e-04
7.356405264995575718e-04
4.614336773531018017e-04
1.741717397559511130e-04
1.462830134229499077e-04
3.052618388863379212e-04
2.156801265908249270e-03
1.394576991272401204e-03
1.011305308459406992e-03
1.496679067750512990e-03
2.234010693374954924e-03
5.631285042165875589e-03
1.499790635636524079e-03
1.031542223889101578e-03
6.031717241390988386e-04
1.690177570678116101e-04
7.979665409060734006e-04
8.246922864269129200e-04
2.778001089431729378e-03
4.938878545623465958e-04
5.724831062965108058e-04
3.713072496113107614e-04
9.414348654986346744e-04
6.475116622333774302e-04
6.045746598516320769e-04
1.294728580064352869e-03
4.009376644850937664e-04
3.170526518847417295e-04
9.615089268135935605e-04
3.148443878140616222e-04
3.605964931103677797e-04
3.937189401041227364e-04
3.175559828951031081e-04
2.931276024311529373e-04
2.788949162238290279e-04
1.403137440831584044e-02
3.393031330940512970e-04
7.648987707589917535e-04
3.730017745580893607e-02
