2.136953866242264580e-03
2.093541583055377395e-02
5.195047287253021662e-04
1.715488847115366478e-02
9.513706885816017517e-05
5.625681230296770800e-03
3.618833725447984789e-03
1.457383550042075718e-02
1.273412637200538669e-03
8.938416744718576329e-04
3.616839013374039020e-03
2.626337135986797286e-02
1.055713206791749286e-04
1.398067961701254976e-02
1.225917940580664722e-02
6.870894953486651399e-03
1.895774094988576638e-10
2.448948473321030384e-02
2.312019234278121435e-02
8.143968335503706107e-03
9.789476780320333082e-02
1.602589233654417786e-02
1.553151755483860030e-02
8.311703796454824114e-03
8.956532481792549988e-03
2.439617934626140544e-02
1.860797471924880916e-02
8.175226797418288366e-03
2.180734322420431470e-02
3.138142367372367757e-05
1.315710400871774113e-02
7.939854408341523451e-03
9.772517902700275302e-04
6.503198906842747561e-03
4.024700642656218910e-04
7.500585233166889810e-04
2.089673992461555871e-03
1.410926464532915788e-07
2.665789634139166077e-06
1.536442442384131774e-02
1.204927294161331312e-02
1.794274147572352124e-02
6.757138071288794345e-02
1.243987609892581100e-02
7.810290136069254069e-03
1.537163518687256238e-02
5.013065328728710194e-04
2.982301729975604838e-03
9.840448612182808256e-04
1.092786199331999102e-02
3.801633052654343568e-03
5.537948278055413766e-03
1.245379936787348232e-03
1.831075293353576173e-03
6.900567849024710158e-04
2.837325637986761254e-02
2.180707037780376181e-02
2.494522486211548165e-02
9.336367667644161240e-04
8.441809933722638909e-03
2.592350301173711527e-02
8.975535054589180162e-03
8.256394735005638183e-04
2.233248772715102585e-03
4.171346379040298535e-03
4.431632037708596681e-04
9.754182126861550561e-02
5.970169526486445583e-04
3.487757076351866419e-03
7.071638220885696768e-03
