1.772017294123347068e-03
4.234855742016185864e-02
2.168399424001313594e-02
1.181897557805020732e-02
1.714106287586926892e-03
1.034532144603471891e-02
6.419791941665356147e-03
1.338947694473525442e-02
4.472878473805832686e-03
4.669483730437111284e-03
1.152937128822607675e-02
3.109855645900611986e-03
3.496456615500964215e-03
8.361460799439551783e-02
1.345786418304429667e-02
1.002181746194315617e-02
1.519204957089950736e-02
3.187189128562357976e-02
8.175738265441408192e-02
9.156779944130669785e-03
1.722583040309371372e+00
5.186423250977657134e-02
5.357025582817350438e-03
1.976920399207570955e-01
1.169016622479257007e-02
1.545315279106355272e-02
3.432690540841511293e-03
3.502838389831312935e-03
1.389601074369742513e-02
2.825478860482134522e-03
2.852713085333129662e-03
1.839707474160781489e-03
5.956270994562550859e-03
5.242703542464530360e-03
5.556224484314079524e-03
3.089037006872129808e-03
2.835280378377001524e-03
3.390986199683462127e-02
3.871017516313421392e-02
5.998766748590846423e-03
2.934097995201582262e-03
6.107702273304245998e-03
1.070956856781761675e-02
4.405500683910290073e-03
6.972138704667489410e-03
2.218771060691945851e-03
1.077849362830852857e-02
6.095308013356439021e-03
1.183974134193737857e-02
6.367559759228174320e-03
6.994204012327510933e-03
2.409901754191447459e-03
2.698649578870495388e-03
1.117255157757245793e-03
1.759036758487801926e-03
2.488663441665896463e-03
2.674603405911096191e-03
3.027657372026088325e-03
2.157564159812431354e-03
4.178838698810407801e-03
2.820231206328654115e-03
9.318637929124332000e-04
3.515101267375208421e-03
2.041821961846266784e-03
5.830890094861005367e-03
1.903585354584291789e-03
6.893172840511070827e-03
3.968818618863923474e-03
8.257570413721215807e-03
1.959906789505290806e-02
