3.253277904315112629e-02
2.584956942672065883e-01
1.283223643853619901e-02
2.176693111414226833e-02
9.303470422494257777e-03
8.591733736495724486e-03
3.670755336336683355e-02
5.037922778764571813e-02
9.506000129329318649e-03
2.414737531855695382e-02
3.903835548197304162e-02
9.780356313103919993e-03
8.467326932400889850e-03
2.321468705274628078e-02
3.602123530215561864e-02
2.702838128235326987e-02
1.060586600548663223e-02
2.324069322116296618e-02
2.949245049566084909e-02
1.388829373420294791e-02
6.607472282563273125e-02
2.235601967422199202e-02
1.835253179424439426e-02
5.457181047479194719e-02
2.562487380817313892e-02
5.361166149975768458e-02
2.665747306180198811e-02
2.277640411226330985e-02
1.882416461794705204e-02
1.351252038880289622e-02
9.008776339522248447e-03
1.891790914459692829e-02
9.580109630716064292e-03
1.747966393983450828e-02
5.881556073510449921e-03
4.719235914854737896e-02
9.951814187894028260e-03
1.419251059128255887e-01
1.736237045642714111e-02
3.364999977841540146e-02
1.344260858647822743e-01
2.394585865295213445e-01
5.472884762966687133e-02
7.505717865889868778e-02
3.935462666067960150e-03
2.063775964384363670e-02
6.731339129595816095e-03
5.506196250688931947e-03
9.205700118916153654e-03
8.337171184171382476e-02
2.275088271720564562e-02
1.185480410130917289e-02
3.585720891735246635e-02
6.819184791703684217e-03
8.889438222084485725e-03
9.070311299447313472e-03
1.645461746573477491e-02
1.150397400840244208e-02
2.177183770779979669e-02
8.998393259785293641e-02
1.244145210913760388e-02
6.492382513547927808e-03
5.105228006088193687e-02
3.973455237572467991e-02
2.036060359577568715e-02
4.613299576614813408e-02
9.148743737676994225e-01
1.549604429795191363e-02
1.701727083857220574e-02
1.406608679165448003e-02
