7.764537280406828899e-05
1.057726138246961739e-01
6.827660878852178901e-04
2.062946659001371232e-03
6.463624568389042535e-02
3.116025897055028481e-03
2.454263101171034697e-04
9.210538220375178928e-03
1.311921738239726584e-04
1.498110586507418350e-04
1.285257384103852935e-04
5.217282180214187926e-04
7.997741759137275987e-05
5.414413204592824318e-03
4.529536782387147062e-03
4.437552723252291380e-03
3.140967342282199176e-02
8.886717003228558620e-02
1.288182801177700093e-02
2.318642218409745683e-03
9.330457229683689624e-01
4.625632626504148220e-03
2.570800118295779244e-03
3.410201317194813120e-01
1.601008518320778604e-02
7.252954319927458482e-02
8.654915654563988953e-03
2.397365284528314711e-02
9.619142264245257590e-02
2.896133923184150416e-01
3.392337680249298271e-01
6.237379809306914380e-03
3.326756757764997609e-03
6.985141105908880543e-02
2.427289979620590819e-03
1.221458333856799818e-04
1.288473966455897565e-03
3.682397842666109700e-01
7.875118620354890631e-01
1.037401663722005006e-04
6.672463092576803867e-03
2.961747393896677245e-03
9.176283089414169133e-03
2.360033765857694199e-03
6.340481816779367473e-03
3.521508066529502410e-03
2.574040372807829841e-03
8.931682515697236466e-03
2.417624343692150856e-03
1.733885458423114903e-03
3.676665119159233338e-04
7.647299870838892080e-03
1.351560802958368384e-04
2.699091730059532609e-03
2.292711724831090884e-04
6.407257506216906470e-04
2.631516590247890558e-02
8.747100158683269490e-04
3.339494911299317748e-01
6.731757614673335556e-05
2.669835029291060097e-04
4.036308369035591752e-03
2.628843126744899797e-03
6.883885707106945061e-05
1.138722273119209972e-03
4.864617842050891208e-05
1.558676516202699668e-02
5.138936325817943657e-02
1.033755281244359836e-02
1.355936035707050631e-02
