1.800070514681710400e-05
4.638254710514833241e-03
1.769418086655610671e-04
8.470267187382217455e-03
9.211025235371709391e-03
2.120634422985523751e-02
8.522319068173277775e-04
6.397822825740644322e-03
5.480236837291474377e-06
4.017739637914594862e-05
9.249536434034683399e-05
3.973296807327397935e-04
3.350303962617595970e-06
4.092263866621870944e-02
1.599965373344021391e-02
5.555934890823993784e-03
6.817875774939051448e-03
9.616185626738146808e-03
8.804684530981788174e-03
8.760990609644413965e-05
1.296232849939076123e-04
4.314081155393637186e-03
2.742627471052604560e-03
1.135536446311109779e-05
9.201202952310987004e-02
5.130194236701341066e-04
2.823955761130147145e-03
2.658784675186406932e-02
8.875900507328088817e-05
1.258764144515994443e-01
8.013821343431999818e-04
2.432118252902995027e-03
2.755156859718456506e-03
1.227540906725774726e-02
1.273853813758332856e-05
1.431844917716926799e-04
2.274465210548566954e-04
2.230066862221170496e-03
1.548582897220605057e-03
2.158325482925183697e-02
5.528294685378931130e-03
3.018948161460373964e-04
9.762310106797397052e-03
3.250110570539482043e-03
2.193417667149206995e-03
2.041651639344173048e-04
4.651846724258585351e-04
3.631873127248233090e-04
1.464116343555277604e-04
1.357854682199615944e-03
6.946118334906568447e-05
2.105208776467063512e-04
4.025648271042513030e-04
2.340762480497360516e-04
1.156611373393764443e-02
1.658691590137894179e-03
2.044865214495929305e-04
4.249048668140761881e-05
1.110965085903606493e-03
2.705555732412337380e-04
1.023514107370230002e-03
1.689990443539816575e-02
5.477700266541511037e-05
7.813850580089289869e-05
2.573976890002937514e-04
1.776019362177699037e-05
2.829117775056481238e-02
2.210182109279602066e-03
4.204706112991027454e-04
7.710917788809897901e-03
