2.970024378672681542e-01
1.415055112070365873e+01
2.605241194269288657e-02
2.007038879841964163e-01
4.684063865515123992e-01
2.042087542818674453e-02
2.056897073370768325e+00
2.119706992812203872e+00
7.168406366482415137e+00
1.124882640438934350e-01
2.053333712107332509e+00
1.189673399018893740e-01
3.918000429567399134e+00
2.622538835068489727e-01
4.272900504548557965e-01
9.992542758956458604e-01
4.464722033029914217e-01
6.403978366014924095e-01
2.350808405203828333e-01
3.945583847841044545e+00
3.737677502722141831e+00
4.369817286400658474e-01
1.336745965339579012e+00
2.172508056886093830e-01
5.123151868037247869e-01
5.135143807792843518e-01
1.700437184375420907e+00
1.720221633325265953e-01
2.446886874483727159e-01
1.050547026902772657e-01
7.412094864837874830e-01
6.467830490813754052e-01
3.723756978415784791e-01
8.292291897528889510e-01
6.061442606726685604e-03
1.924553334000252136e-01
1.519516852265788420e-02
7.847715965361416579e+01
1.200068024053832394e+00
3.747069741411245047e+01
4.247625935626476723e-01
5.649189652076794799e-01
9.849482437637364918e-02
2.261053950216447839e-01
5.701471716455908112e-02
1.936809659021163643e+00
7.850059721715471617e-03
1.264082543191470155e-02
2.485579677264097148e-02
7.155141918367208254e-01
9.405984202116103310e-01
1.426269150626518871e-02
6.875210002180193181e-01
2.026372639656076335e-01
3.655268189909557819e+00
4.137868521551349987e-01
2.485830515596278156e-01
1.166648933557994283e+01
3.585109989225918059e-01
2.379360866481612102e-01
2.175110993733180564e-01
7.004200081464174055e+00
1.066060298252736338e+01
2.711269464051531131e-01
6.201129447667988459e-02
1.844967285380208821e+00
9.945114339707553652e-01
7.585136172745210459e-01
2.238262253088873222e-01
1.294849924575230127e-01
