4.433470067777267858e-04
4.789386351967946931e-01
1.765791024203482596e-03
7.232681876220179665e-04
9.050357394898637109e-01
2.909859745261023783e-03
1.413193568294708472e-03
3.140993568011728188e-02
4.191685454216989982e-04
1.300402992071561818e-03
8.596091116197212808e-04
3.535677042173817914e-03
8.117735641482102518e-04
2.588268177851782981e-01
5.028114091517506441e-03
1.426060569036679548e-01
1.316665282013553817e-01
4.901646715118431752e-01
4.283619056585026390e-03
4.782228905568853411e-02
1.669533117577864101e-01
4.492014240286982402e-02
4.591982000165810429e-02
2.976948369505696412e-01
5.587174129254534050e-01
2.012710812989968769e-03
9.124581737548436919e-03
3.375993870456244633e-02
4.233667768896846872e-02
4.377569554022945897e-01
3.102484181241413341e-01
7.857630197055374618e-03
2.804594742880204498e-03
3.100125922949082541e-02
2.714875564522643749e-03
3.989372774146126362e-04
2.638157637415497903e-03
7.497854028664298343e-03
7.017180776953330090e-01
2.948221976019418378e-01
1.230237246617436539e-02
1.566929720115108060e-03
1.686157159976148928e-02
1.258034205567283787e-03
1.889788607875293736e-02
4.173729421843968765e-03
2.158826111695948038e-03
9.667941573342142200e-03
1.793983659886788304e-03
1.169270140041177254e-03
1.771771478302050420e-03
3.316825608858158577e-03
2.824106936556294595e-03
1.267458888589124326e-03
2.544237640540876824e-02
2.365210174592516194e-03
2.763792560851287879e-03
6.192302914374113454e-02
3.201172702856155960e-02
5.661700666152765090e-04
1.264359128009587578e-03
9.129933767457246163e-02
4.294385332244835874e-04
2.487368265075948388e-04
1.079278896422855051e-02
5.058679658716683583e-04
2.091233676717226680e-02
2.969188543219026810e-01
1.485679726262771096e-02
1.029963529281103032e-02
