2.742778735240109813e-05
5.102431320541671485e-03
1.690363939888734398e-04
8.904495253496199844e-03
1.917662373504215589e-02
8.968734047929848366e-03
6.722383133584078222e-04
8.315660156133145150e-04
2.062409356043419498e-05
8.516846616692479968e-05
2.572393623694206382e-04
3.148210398012840812e-04
2.946841659075680619e-06
3.932760586264263947e-02
3.041598920041797133e-02
1.233764580237935865e-02
1.107928842350536756e-02
2.236240784663597048e-02
4.259385182754148180e-02
2.790619995248179268e-03
2.532376974416236659e-01
5.598982156088705940e-03
4.877917947665471113e-03
5.288881330808473114e-03
7.116898418792845515e-02
1.110398977323595170e-03
5.973453280013778753e-03
3.676789533953476324e-02
5.645809681019862362e-04
4.627006799172836762e-03
1.140733922493863527e-03
2.746825369596164485e-03
1.265570401496390321e-03
1.393294990039842425e-02
7.960079192167408076e-05
2.283316493997533116e-04
1.403910657450287158e-04
1.215221820504389528e-03
4.583182269202598977e-05
8.162271091785683677e-03
1.322998052068562365e-02
1.171128737725659003e-03
6.679930678324658318e-03
6.124053197453360915e-03
4.357206171521350695e-04
1.510391096291907912e-04
4.573329984504805154e-04
9.753971369595899627e-05
1.446602861938816773e-04
2.993538068961590793e-03
7.891151045383867999e-05
1.060520503520853176e-03
5.792564297946160195e-04
6.026956460247393996e-03
1.597577297271209062e-02
2.458720144939800355e-03
1.837480051958759999e-04
7.912705161368861382e-05
1.620964586593475745e-03
7.137825108767130488e-04
1.328507389013951732e-03
1.473862266757442092e-02
6.527509645383318914e-05
2.303931135988072964e-04
9.670700148477996347e-04
8.025241821446909478e-05
3.061923459590529077e-03
5.093741416707925698e-03
3.803749565119068227e-03
7.434372584895210245e-04
