3.019777657449690574e-03
3.521148553198526210e-02
1.654871039437065539e-02
1.665024070972908471e-02
3.674008548612054531e-03
2.913544975623104036e-02
1.397890112358909746e-02
8.965587041757360279e-03
3.223597649120167261e-03
4.103212264469604381e-03
4.957319795229614759e-03
2.496997135008316524e-03
3.163059480660631705e-03
4.055988755826388931e-02
9.199591794573535458e-03
1.089095010646981034e-02
2.226628678660683494e-02
1.261980569481041814e-01
3.649665343805569284e-02
1.856655852477568508e-02
1.092536396065922588e+01
3.449793280534669410e-02
1.985509577132779646e-02
1.432979989466290072e-01
2.565208568239418438e-02
8.472133480288491017e-03
2.848156982166452893e-03
3.788092980896627660e-03
1.044145410035046510e-02
7.177073391778208793e-03
3.141768089632819040e-03
2.289718521263175901e-03
1.145318662628705582e-02
1.508898463722150446e-02
1.560364667659524043e-02
3.218986730277856052e-03
2.883307660378457531e-03
4.006898984821197218e-01
4.675496811330406843e-02
6.701764016569157316e-03
4.772403894306639742e-03
2.984761111136229744e-02
5.549327490608123303e-03
4.067162222858232770e-03
3.688796418689134840e-03
1.953315144995724367e-03
3.694781176520358507e-02
3.573126854629786898e-03
1.145962494082152817e-02
8.192738001535578712e-03
4.458918028291104785e-03
2.889473837150894221e-03
1.932801825261689982e-03
1.747481037405892350e-03
2.561585073635210680e-03
1.887836927824568418e-03
3.455202495430917745e-03
2.755534955119482224e-03
3.995063788382071518e-03
4.435458652107544808e-03
2.222697860579987087e-03
1.342837110040474282e-03
2.107561390451754679e-03
1.263915914621533245e-03
2.708642007600869407e-03
2.017930900880733104e-03
2.270469995748446712e-01
6.603781487593149424e-03
2.464804258352024796e-03
4.694156612556076857e-01
