1.556353386126348437e-01
2.774753399572502417e+02
3.627193786087509059e-02
1.034034698968918420e+00
1.356073400463897238e+00
2.488754925393471540e-02
2.921545167719711955e+00
7.724081429565169410e-01
3.467986485962655685e+00
4.316260696379987938e-02
1.375909356554906315e-01
2.729894802442981994e-01
7.926874578441708508e+00
2.112176712647117593e+00
2.289544817759386675e+00
2.060335207091957610e+00
1.883378457660032534e+00
2.774947683840290669e+00
1.038594324745556241e+00
1.367481064745711183e+00
1.225476788559674333e+02
1.375837892097104387e+00
1.821609043507071091e+00
5.189903457515219198e-01
1.319717553085166140e+00
1.109657022770838886e+01
9.576760673329806073e-01
6.006392342609280233e-01
8.335348251726191204e-01
5.317152919506982212e-01
5.642101207142667940e-01
1.182645606288275975e+00
2.620671669207635390e-01
4.181408373296433112e+00
1.076016629822602703e-02
1.577914810236668297e-01
1.407194641910830199e-02
4.138316414271324675e+02
1.517003183857256374e+02
1.379080221560961661e+02
3.782334366162824479e-01
4.462376211633460876e-01
4.262485349313516192e-02
8.023979068143198556e-02
1.506264355454995096e-01
1.150889897465587675e+00
2.661097742929359120e-02
5.734849760207125224e-02
1.039358561473875328e-02
9.752965028190101193e-02
3.525380594687395064e-01
5.035620549743264479e-02
1.663599606159586741e-01
1.200891484464472470e-01
7.202807863597429083e+00
1.260777736046824415e+00
2.611775208361118428e-01
3.739525731388441798e+00
1.258299953899381984e+00
3.623659947162017336e-01
3.532454967091172016e-01
8.287676947156397489e+01
1.487702890374649733e+01
3.623236255206894185e-01
6.420569610308017594e-02
4.900714663657253500e-01
3.231765005251815981e-01
1.321855344308646041e+00
3.072362200998925326e-03
1.204165250558094091e-01
