2.494431977899302412e-03
1.286698449206571081e-02
1.990521172821742898e-03
4.777674613993793291e-03
9.255324985573360006e-04
1.365310879291846760e-02
1.384824859983237351e-02
4.492159092416714815e-03
2.033326100576074609e-03
4.358219694341000476e-03
4.851655812394750286e-03
1.897540382020534424e-03
1.731421490396567019e-03
9.524243398231605623e-03
5.733407494107712471e-03
4.509780409606339857e-03
3.560863514095370056e-03
1.281877107607931263e-02
1.015805718713150112e-02
6.052468157940104482e-02
4.251545736986689916e-01
8.512046027591662137e-03
1.107369614862981598e-02
2.989479009927081040e-03
5.947858781448722015e-03
8.460690386819834721e-03
2.627826892503092038e-03
2.384055561036810267e-03
4.788282757773382713e-03
1.531544585190140403e-03
2.698602462371391206e-03
2.090846667537691293e-03
5.090104164898434994e-03
2.608672595308550533e-03
2.676027124349201168e-03
2.890217906425375776e-03
2.843620992951021581e-03
4.865116167707982109e-03
8.547386357058981907e-03
5.921535377830419201e-03
4.308266150621644329e-03
2.331934136414975586e-03
6.036789126461537293e-03
2.829960121808338443e-03
2.520663784965036357e-03
3.857329825660403815e-03
2.138502249282229865e-03
2.257316749201710316e-03
3.187605533091494164e-03
6.646934679442381873e-03
1.766457833935253892e-03
1.900931674379325188e-03
1.293779155913202380e-03
1.461534370921540021e-03
1.642756046001433556e-03
2.118391486546228504e-03
3.541371616066203449e-03
2.024300211923092067e-03
2.544240058994228469e-03
2.613353600041386920e-03
3.035684253126915994e-03
8.923260384598888460e-04
3.075133723671077349e-03
1.887941889145998984e-03
2.594329536584762987e-03
2.569551317130528215e-03
1.822938718885957696e-02
3.534623472471739875e-03
4.065774916963764765e-03
1.342787749019723129e-02
