8.418415992012035940e-04
3.103158346334784490e-01
1.104149869255460650e-04
1.066238281349175246e-03
4.033725333407568725e-02
1.228021769058664989e-03
7.233121730168899643e-03
3.645470837586707504e-03
1.798498601322424603e-02
3.457389682482633208e-05
4.113856616511681052e-03
1.478294197885202154e-03
1.814150837510775452e-02
1.176688824708352560e-03
6.212183393469165697e-03
1.989393790774660487e-03
1.433038631580910811e-03
1.657793014837508029e-03
1.345735333794052541e-03
8.002093467100028848e-03
1.917427996266074389e-03
2.793302915977172152e-04
3.419620987156351405e-03
1.572979304432921832e-01
1.127401610768673235e-02
1.103034351550727932e-01
5.441596103854712090e-03
1.262471658430298210e-02
1.625019476431090529e-02
1.301368584071870178e-02
5.743027241918421434e-03
1.008283381087019676e-02
1.522336429872070450e-03
1.775205135453963856e-02
2.991791441669024385e-05
4.098538786078714802e-03
5.143786811627755582e-05
6.382470445196038178e-02
2.467947085127108198e-01
1.466361434255566629e-02
2.604926702760637907e-03
1.275131186211130724e-02
1.577349189923692033e-03
5.070274881836429881e-04
5.040009398508575773e-03
1.685300577606016828e-02
3.334888033290975951e-05
9.585827574364298254e-05
6.431743850913530845e-05
2.666573426891290753e-03
1.334747744463248757e-04
9.584413647065107673e-05
1.556238840979373966e-03
1.812872442653850735e-04
9.787225568732488279e-03
4.049109198053410866e-03
4.576283418576741757e-02
6.567750057498013272e-02
5.187278760821948222e-04
6.654389992954746341e-03
1.027036023703936218e-03
2.137411817024518004e-02
1.250592977819327961e-02
4.271464936081974945e-04
2.902267247796270848e-04
6.484292107657680521e-03
6.419541159009544209e-03
5.848677032460673948e-03
1.945615767375268729e-03
5.760673920202032854e-04
