1.066618191671714483e-01
1.581734570822382295e+02
2.649694718958067307e-03
7.730448168275156906e-01
8.793168801485562458e-01
1.618267570371474326e-02
1.177344508569553971e+00
1.043530395308438941e+00
5.144846130577543697e+00
5.738238020151350399e-02
3.103415251499094807e-01
2.229575042816768216e-01
1.333123024381155908e+01
2.483035459546316659e+00
1.757063856671021496e+00
1.641474100548566240e+00
6.417514663775891748e-01
3.570890497607529745e+00
8.722744326168284656e-01
1.062501393777161685e+00
1.492644496672619248e+01
1.322682332566376795e+00
1.117196777856839907e+00
6.182662413365247467e-01
1.222984208503955728e+00
4.973559799820283622e+00
9.284617895859584857e-01
4.802385432711607782e-01
3.792677900466887575e-01
9.206114456094758314e-01
4.236250657720141977e-01
7.009274492538511980e-01
3.964193149583724041e-01
6.579793782292520099e+00
5.913990910646764639e-03
1.432911496687038211e-01
9.381821658611172801e-03
6.771720820428785714e+01
1.613279086590199825e+02
1.865860451276567744e+02
2.315370440502995397e-01
4.562125869896256347e-01
7.783804105373583193e-02
9.923170228881393606e-02
2.306091757390810737e-01
1.145051750973743898e+00
9.811952168935270807e-03
6.968618299968643015e-03
1.116161366625616387e-02
1.467023113257724110e-01
3.065589796427093394e-01
8.520479076092567217e-03
1.165501973255859448e-02
5.660318744455578900e-03
5.550125101723890175e+00
1.384730151770209527e+00
3.904747828577890822e-01
4.210733449674103568e+00
6.688724054254058249e-01
3.941685927038446891e-01
5.159574519584014807e-01
1.080460950951507471e+02
8.896504045099456803e+00
3.751614953806869934e-01
2.725843491501075966e-02
1.790666631740172460e-02
2.466206127285600069e-02
1.206450643553856006e+00
2.663690604094887636e-03
5.671195631230614709e-02
