2.414940187968625876e-02
1.449516818228275931e-02
2.450222489322082678e-05
1.850608227235735063e-04
7.435939915060421068e-01
3.372247746168570084e-05
1.653069693627899107e-03
8.378558790709054853e-05
1.576308827250736059e-05
5.428524220956051139e-06
8.566442392118730605e-06
3.707022352274710083e-05
2.040304794457095569e-05
2.053339538862220795e-04
1.222559163863277834e-04
4.219407229694976794e-05
2.168008485338851217e-05
1.821269942560445852e-04
3.683331578152672955e-04
4.292676337122043839e-05
2.219450317630706007e-03
5.702823267034451529e-05
1.462200416469185995e-04
3.421771321539398558e-01
1.325960798129375250e-04
3.075034753018893174e-01
3.210558585132960524e-05
1.267804465239147967e-04
1.135422391767916886e-02
4.014531727243224953e-04
4.350829033079449681e-01
2.267970496815416943e-05
1.513509479442021579e-03
4.642558225369435541e-03
1.394433892345664425e-05
1.779100843882807964e-05
1.728210232462769848e-05
2.318238602858916676e-03
1.726523508345379344e-04
2.372918685129224713e-05
1.628287675963874194e-04
4.409443015136525312e-05
7.002634800416238970e-05
4.939946957393087217e-05
2.160549880087700686e-04
5.556852730010986729e-05
2.541912972421118237e-05
2.442113952816860284e-05
1.283986073143068962e-05
5.185010159854096798e-05
1.018783839934982731e-05
4.109543079947883200e-05
3.089380269828529931e-05
4.817626503141109786e-05
5.433392122473117906e-05
4.155796577655080222e-05
1.164361400708495669e-04
6.531393980605951727e-06
1.349238297050143380e-04
1.460825490949656309e-05
4.968850839706099763e-05
3.096597584133720593e-05
1.680214318418806035e-05
1.766899756956807929e-05
2.423981657026163001e-05
1.001694088586719206e-05
7.014338236629498067e-05
4.615770920382884779e-02
3.867236598691313725e-05
6.780137912906697764e-05
