1.161325526667849116e-06
5.674039752013507216e-07
1.614307011995116347e-07
4.090338723882273016e-07
5.506656170853636390e-07
7.986628083972152283e-08
3.192369543807662513e-07
4.882560263887571959e-07
5.726366592907044884e-08
3.374774947157246725e-07
8.581782679774201558e-07
7.055976375892855559e-07
3.903339432991986505e-08
5.444780942257967594e-08
1.418013809371294222e-07
3.356055633994833669e-07
6.054123810154969714e-08
1.242536387124328334e-08
8.232810930506992019e-08
3.417485983597240362e-07
7.390002757208098228e-08
5.739778116476660702e-07
1.948221002775911872e-07
2.304779225776865707e-07
2.555729812739474145e-07
2.007289302596005448e-07
1.090997658242511876e-07
1.575100348982747644e-07
1.613016026539084125e-06
1.533769534863770112e-07
1.233478828605945336e-05
1.213481302640415614e-07
3.231704788051724085e-08
3.620701313542929562e-05
1.258247150655074918e-07
7.918083337445677776e-08
1.319662111689373362e-06
1.547571845148402515e-05
1.210503968896637408e-07
1.961083237826509310e-07
9.779756452805567190e-08
6.428915879752471015e-08
1.636791060724343204e-07
4.502117551882368396e-07
4.100321224950602589e-07
2.125223859113603044e-07
1.031013686548339533e-06
6.196313449132404855e-07
7.012711194232967892e-07
9.023792302006748873e-07
1.239959181756338311e-07
7.036272100537396336e-07
1.787663999131556600e-08
8.991192220658316692e-07
1.735643898678217098e-08
4.218446410566920454e-07
7.500414068981803995e-08
7.413709987191555836e-07
3.991778928909420050e-07
3.834459567867037572e-08
8.398327091685495014e-09
6.007577094372852474e-07
3.183452699433164852e-07
2.398418369425131996e-07
7.317414919261262057e-08
1.631294234799887726e-08
1.158898641996158975e-07
2.065973533033010483e-07
3.378214181374633559e-06
2.216263704745758628e-06
