3.488162441418269288e-04
2.490070375727895108e-02
5.484923848641994623e-04
6.712204595060737491e-04
1.245935654088287971e-04
6.443335626539364348e-03
9.446941519185521113e-04
9.073182671881726852e-04
2.791152141429452112e-04
3.155479921749210583e-04
4.105721504778998875e-04
1.959719846243867419e-04
2.654280156660579221e-04
1.063488268583715791e-02
3.689155035800422908e-03
8.161938948456548201e-04
2.410252497140246818e-03
4.033959207252304884e-03
1.149344988800527845e-03
2.005396255684321373e-03
1.014692272866190903e+00
2.237445146837053599e-03
1.553079328606217675e-02
1.631201548547448268e-02
3.887697938033220831e-03
2.518947770735164172e-03
2.232819700614380838e-04
5.596975442128741514e-04
5.758582847323339034e-04
1.423316710148271342e-03
5.140423792196116949e-04
2.831882143254278207e-04
5.918706463595382493e-04
4.089880035949904568e-04
2.581494433426403425e-03
4.495433492064530357e-04
2.415409923410446449e-04
3.345725811321216287e-03
4.544393022169760689e-03
4.363544175361680922e-04
6.787196395888233551e-04
6.706550222349318136e-03
1.207387319348609709e-03
4.415011902070166004e-04
3.458310676948515936e-03
1.679801557376024484e-04
2.403485955021702905e-04
6.868335884029110050e-04
4.014216147793512918e-04
9.031164648667539549e-04
1.958755566153680047e-04
1.580374148168326896e-04
9.756665143997969884e-05
8.853635251438392892e-05
1.113820526887818164e-04
3.344210254637760551e-04
3.475542064875027960e-04
2.393985114108751694e-04
4.926642183854363331e-04
3.785625422014501722e-04
2.975445797629311948e-04
1.018886642314437981e-04
6.350760696301713552e-04
2.838281708306866942e-04
6.443333346299169552e-04
4.820972389806488169e-04
2.056465167017529089e-03
4.917883534322303697e-04
3.647655830625060134e-04
5.790435758482902380e-03
