1.382207763752381314e-03
9.962105946059173434e+00
1.691414502653207548e-04
5.014212563875770218e-02
1.310359617854875702e-01
1.106594721640612091e-03
7.558147376824823384e-03
3.540863274229520598e-03
4.186388685101753715e-02
1.264060153618539828e-04
3.150135795330502499e-03
1.699730808231641761e-03
1.114629790774302326e-01
1.099311331148570756e-02
2.575269208650217759e-02
1.661045947710691750e-02
1.055666803331823354e-02
1.191892907544628115e-02
1.964597372968294314e-02
5.148913983706037388e-03
1.061527247245850791e+00
3.945730813959537515e-03
2.141633323961932012e-02
5.310680164977354956e-01
6.155203265120817030e-02
1.726359698876688553e-01
1.818389017854904130e-02
5.850029360493301522e-03
1.025067313192062901e-02
7.166839004289450310e-01
1.531787747172792466e-02
8.895542342962785981e-03
2.140849645284983657e-02
7.201429937828101278e-03
1.311427545767790436e-04
9.670447967637156583e-03
5.973303541898638007e-05
3.783935606648503480e+00
9.191808383177016983e-01
6.872551553422245885e-01
9.152946894207416792e-03
1.018099801062046991e-02
6.620633994458104306e-03
1.533063365562236822e-03
1.285442395184701637e-02
1.482298839279608954e-02
1.940011961033073545e-04
4.536676939706529616e-04
4.112521995911941515e-03
1.982783728166360657e-03
2.132685002944180105e-03
2.794385956093118338e-04
1.935077012909702928e-03
7.213258402929537995e-03
5.523161551665936031e-01
5.346556052876691445e-02
4.269471039503096310e-02
9.641214563526648296e-02
3.219298948094593410e-02
7.056591965612391340e-03
2.460452704266377286e-02
8.768750692011605397e-01
1.278162429555251833e-01
6.552510342516501378e-03
1.039296688493356394e-03
2.914556080113622771e-03
8.349703465770130784e-03
1.290395075385901077e-02
1.435548851033158256e-03
1.535779188050234376e-03
