3.627838153502490050e-06
3.469451022254206531e-04
4.674361665575545340e-05
1.446272249182375220e-03
2.073117027528600248e-03
2.814379168018523673e-03
2.099692482170277034e-05
1.101446602047651165e-03
2.689802451822386574e-06
4.566521898580888769e-05
1.259849771569214199e-05
7.386094043096499571e-05
4.541898383668806459e-06
1.630671339744341154e-04
5.899143659991873141e-04
1.013882039188423822e-04
4.996750477581096304e-04
1.918242522965971216e-03
1.355877249224504656e-03
8.355550883497848231e-04
2.970509040930010558e-01
6.455187780110134511e-04
2.201234106101720989e-03
3.638243521896123989e-01
1.756557248978941367e-03
1.658049050553257525e-03
2.568192144093661873e-03
2.711050366449676598e-03
3.203083178992561890e-03
4.419182565977427916e-03
1.883960481256375524e-03
1.403183881853219692e-03
2.036369131390964194e-03
4.803585543484211275e-04
3.273091487767107628e-03
1.306421441110791292e-05
3.074721839491245819e-04
3.407018517492765592e-03
1.999142196879685057e-03
3.311289929788469553e-03
1.514213116606156085e-03
2.488616059589789618e-03
1.030914784244674372e-03
1.426169055362005045e-03
5.641782572642432521e-04
2.016233999876882929e-04
1.664509583217442653e-03
2.689127724640871971e-03
1.393162653169935762e-03
1.089416476607691579e-04
1.084179736184838651e-04
5.974347171665800142e-04
1.179450414483449527e-05
5.035830384199984581e-04
9.354296834654147143e-06
6.608966662189009111e-05
2.466765930362751786e-04
4.158963173203411362e-04
9.850466325907632475e-04
4.643024478409842819e-05
4.923236306344700147e-04
6.750615933205988896e-05
2.841794885417504342e-05
2.646141054371569228e-06
1.689624556590732518e-03
3.820830312440533963e-06
4.637766381046685982e-02
1.498697999915935865e-03
1.569697666944944907e-03
2.000071272350420482e-02
