2.630049085250515950e-02
1.717287529705882262e-02
1.504294655526691553e-02
6.804794540513915690e-02
3.226085643665891484e-02
5.272246429682819237e-03
1.494353859380316729e+00
2.345886941139861334e-02
3.283225980617727330e-02
4.022097822100714412e-03
5.826481239082172137e-02
1.262382761850240898e-01
6.928267213529719186e-03
4.087320386852536652e-02
8.946205966826453748e-02
1.645626982195496080e-01
1.456351345619942284e-01
4.435486012922599391e-02
2.798641116131393020e-02
1.063807192444702121e+00
1.313741915417497706e-10
2.130787312948455026e-01
2.545223683457829844e-02
5.887334338952752988e-02
3.179420866416210467e-02
3.887754069656920719e-02
5.682076370079727073e-02
3.897784478060471736e-02
1.118570684721675590e-01
2.800333323649602940e-02
1.639758857898732450e-02
6.644524400937963649e-02
3.885490826547433052e-01
1.486902178541178905e-02
7.008139063067303151e-03
7.783397512923517086e-03
9.499233383555003019e-03
2.041257030293442277e-04
3.319110457193091834e-02
6.683428340327605965e-02
1.733219274260012349e-02
2.896027137042906513e-02
5.372135525583656562e-02
1.910734398052410521e-02
9.842894019611199419e-02
4.633605218144924709e-02
1.291220394477358112e-02
1.030669743668318622e-02
9.522355269112468129e-03
3.276318496084749260e-02
5.266848435936770378e-02
5.927379275054042024e-03
1.146949674860709735e-02
1.768427890323214305e-02
5.452177438556750702e-03
1.437336008807158783e-01
3.433489778705516721e-02
4.583951427021444591e-02
3.057189877713154414e-03
2.274061483276602902e-02
5.052938560614587266e-02
1.974165023301273705e-02
9.992257532189543351e-03
2.027402432725900969e-02
1.052495743958998912e-02
6.615947747469423657e-03
3.028824963681986046e-02
1.513166531974967192e-02
5.089577425086840370e-03
4.647187706005016794e-02
