4.110772289032344450e-03
3.349063898230644071e-02
1.079346202906017807e-02
2.734956873934331692e-02
1.733411826596961583e-04
9.439259790241993561e-03
4.215450713912337333e-02
2.018504968962259172e-02
2.290981969994035708e-02
7.307384413858526544e-03
2.816077076454438777e-02
5.824979584547742423e-02
9.211384167500686476e-03
1.160422937671519959e-02
3.243427048062096779e-02
2.146529457925194609e-10
4.354028802474516218e-10
1.369606308907950036e-02
3.171174587639705167e-02
3.144655609678015384e-02
2.332944701243532482e+00
4.033080281820366147e-05
4.219174488283908980e-02
7.231596362745771646e-03
1.652824061002214004e-02
4.211394833191053899e-02
1.824606157499543760e-02
3.435342636611340983e-02
2.391423692076154531e-02
3.561056998300356441e-05
3.257375372646363620e-02
7.098889214029414918e-02
1.390262128403461743e-02
1.238443525014196363e-02
6.720270282371609144e-03
7.667575484646646858e-03
1.442977442612015417e-02
1.829455393391529693e-07
1.479275938750501500e-02
4.849456470814929310e-02
2.155668483718716638e-02
5.043741724500565293e-02
4.917194770121362940e-02
2.766656890295967480e-02
3.144518787824574640e-02
4.498862672850013206e-02
1.845462262614711024e-02
1.602134644579345651e-02
1.646871710784571230e-02
3.116085026776365188e-02
8.361015113136173460e-03
8.607491417914182527e-03
1.121193344972403957e-02
6.204494932389016323e-03
1.463242251393061071e-02
3.989783114666040770e-03
3.541587640934891479e-02
3.284194001951477176e-02
1.950926212225498335e-02
3.070265514515843966e-02
4.126521536730427125e-02
2.007022987953582110e-02
8.969292880708473401e-03
2.617900927776253828e-02
2.399944981711317829e-02
9.804695213874312781e-03
2.516414612558647013e-02
1.065956239594765750e-02
2.569563184672931863e-03
3.334976022654330408e-02
