1.946150076871619103e-03
7.300571615898410888e-03
2.737406797966392136e-03
6.866371929759690698e-03
2.277194823077845209e-03
5.473866970471180822e-03
1.790406284834570238e-03
2.116033055606673149e-03
4.752771722208440548e-04
2.786629387805440641e-03
3.246864340384311362e-03
8.534653527580756543e-04
8.346310171918683296e-04
2.600953396962299002e-03
2.204038356848639791e-03
2.061850555232084322e-03
2.689683912389604845e-02
1.978657172170205595e-03
3.658791102884765157e-03
5.143267999770224919e-03
2.896274009952501047e-02
3.696306627111576974e-03
3.880992716650838708e-03
6.740345015722088579e-03
2.904052402278906216e-03
1.083141153252365103e-02
2.199387009800173390e-03
1.529225051005742540e-03
2.516085601355540387e-03
5.446784337688711716e-03
2.174270868925640924e-03
5.654982489023866561e-04
2.704730914487981676e-03
3.120139163449923373e-03
2.268535853934125143e-03
1.445364147373542820e-03
2.402821354028846033e-03
2.725257845713952454e-03
3.224006424344190609e-03
1.883176736091834698e-03
2.773626066516187046e-03
2.991252379184315257e-03
4.501497880468162925e-03
2.819468390204654500e-03
1.986741514937734147e-03
2.666223850324416465e-03
1.122046295391468688e-03
3.085308513317522316e-03
3.241760149229221642e-03
3.160007742906624506e-03
1.951179119051258369e-03
3.581620336608483911e-03
1.947703020649111175e-03
3.207677348852246060e-03
9.385034275416165946e-05
1.276545713094980007e-03
3.146625585195858034e-03
1.699424103511365004e-03
1.811811518659519390e-03
1.754324128004511318e-03
1.407230072190325965e-03
1.659056426739730257e-03
1.291370716342520692e-03
1.891862547227616317e-03
2.284885610725935490e-03
2.042642507326118077e-03
3.427256528327502633e-02
2.254451126538877231e-03
4.356335739995221591e-03
9.971087260164707491e-03
