7.230982727612108966e-03
4.462533643587063281e-03
1.655326073711818049e-03
4.790627843251137746e-03
2.137576786176088612e-03
4.166314674273464275e-03
7.633016498016786944e-02
5.091987470051181214e-03
2.673276643911579476e-03
3.288609925230185065e-03
2.560793006698183251e-03
3.830130584016322014e-03
1.029964999132409152e-02
5.557243065685647798e-03
1.225558028143673532e-02
1.876059487476035639e-02
1.049817885177523231e-02
1.963973013419260255e-02
3.230297874462371294e-02
3.110227937158254949e-02
2.798391403751679038e-02
2.405826561416694875e-02
1.799696030146519937e-02
5.433696079447431800e-05
8.883529634293759261e-03
2.192649183993565162e-02
1.065222434465119480e-03
4.508787686639742671e-03
7.131081880341220113e-03
2.375676484724082230e-03
4.281003473663933835e-03
1.737125045424977752e-03
1.451004180173755265e-02
7.955183136223044999e-04
1.112558207325453066e-03
2.609965169561759713e-03
1.003712537643045456e-03
1.381109386648222926e-04
5.505491311939404719e-02
9.869874620872404539e-03
4.184477065488139899e-03
3.137501593016092400e-03
3.135286377697432073e-03
2.357695621823984594e-03
4.384110181852451590e-03
2.898212738410037379e-03
1.216549989355877534e-03
1.852034754209705772e-03
3.307712956472164470e-04
4.069184537189708510e-03
9.610677880292894113e-04
3.732977257210510005e-03
1.283776812149589044e-03
1.022154389871495709e-03
2.107523838955955089e-03
2.167150062458632950e-03
2.740870404982434592e-03
2.575143591115177863e-03
4.175180262297689335e-03
3.475706432284867038e-03
3.206982566366136864e-03
1.204095792090233109e-03
3.181729663128369818e-03
2.253957976026384723e-03
8.402746494868247942e-04
2.736758045717419593e-03
3.128240606056494066e-02
3.168132868583248881e-03
8.840995874065749396e-04
3.512229118062979924e-03
