6.078515471478546095e-02
6.607840564320505150e-02
1.622607509349518161e-04
9.845903755280329631e-04
2.817031843976917915e-02
1.063356336917215157e-03
1.212316504441436626e-02
3.809451136670355953e-01
1.557239494000435260e-04
9.497942458562556899e-05
1.061462504118449292e-04
1.792123190764699080e-04
2.397322232126667080e-04
1.906240099074918079e-02
2.077462409607627302e-03
2.308120238122691147e-03
4.171805749388064408e-03
1.410717681152445779e-02
1.903126932763319623e-01
2.959061533377359623e-02
2.414577762759681223e-01
6.498727702179057236e-03
1.140202146787030980e-03
1.965141072335040429e-01
4.117767728238073133e-01
5.494314657467942453e-01
4.835373705952820123e-01
2.654346575007508324e-03
3.214533004837553110e-01
7.812238437344976028e-02
2.940233692781676900e-01
4.392413453337693646e-02
1.592210254147913631e-02
2.470247770257592845e-02
1.250218377577932125e-04
4.835529981524879038e-04
2.758315350360173173e-04
5.478656379310225394e-02
4.555064820669871284e-02
4.733852205773602662e-01
1.384248950983746427e-03
4.942531366256134370e-04
1.649794438267718991e-03
5.115590293902933395e-04
1.139879140082584530e-03
7.125040833175584534e-04
1.838925107189897030e-04
3.063263871363288478e-04
2.106890111093260936e-04
5.491357209323203181e-04
1.389107445097817700e-04
7.023674386558632909e-02
1.885794589695158200e-04
7.380559028172771485e-04
1.571331343269820879e-01
5.590550801390495100e-04
1.208977174152255736e-03
1.143453827333926307e-04
2.943762597784235768e-02
1.236667400054466818e-04
3.882122799499959404e-04
2.462596000824726072e-01
1.755660389886344976e-04
1.577513982818938760e-04
1.109352615717379913e-04
2.496813127099137329e-05
1.031136463918347086e-03
3.047680179635353648e-01
5.188378674818202446e-02
2.143447245131379806e-04
