3.697248326690798746e-03
9.594483131547985183e-03
4.843489285618843981e-03
4.305880841984206092e-03
3.242316902275663767e-03
1.575421728128073920e-02
1.327087900585660618e-02
4.581035329088518383e-03
3.006203919503238134e-03
5.004289132003912448e-03
5.431842490907722552e-03
3.570018537115774056e-03
3.614867669342527491e-03
8.291582911177701465e-03
5.392611756792351288e-03
4.632428010102522184e-03
3.315404651712801007e-03
1.008481019344951470e-02
5.480501301038558266e-03
1.718776305956272454e-02
4.545704551539064830e-02
9.114000202475630585e-03
6.924729076339543321e-03
5.704033449011632409e-03
5.519364856173093054e-03
1.627706126016319546e-02
3.209475878812832663e-03
3.360498588107092496e-03
2.709970177460181880e-03
4.577795342888604617e-03
4.684988898600492800e-03
1.934901654732093133e-03
5.914342943591173463e-03
2.890591864161737475e-03
4.424312604808060094e-03
4.599054119777106625e-03
4.277835147946422271e-03
4.367692928887088183e-03
6.285609697734944636e-03
4.648967307686111342e-03
3.117809236909323788e-03
3.408145597129050210e-03
4.622928595602295888e-03
5.580993970527770368e-03
7.781061189467831755e-03
2.753096471278173620e-03
5.942460455564307735e-03
2.158777590736622124e-03
2.256573441399970653e-02
7.264726974175647264e-03
2.268543683770998624e-03
3.639683661067863105e-03
3.797426777984906979e-03
2.978611373459936085e-03
3.464625883090459522e-03
1.458084248782606611e-03
4.529797613531263457e-03
2.364408627298431216e-03
2.176558634101375452e-03
3.871057527288802695e-03
2.033537568073924464e-03
2.655982155842603019e-03
3.642752705713864485e-03
5.000007349013818603e-03
2.737722120260069423e-03
4.060800935901706654e-03
1.536679176288586329e-02
4.725390797283883330e-03
6.382764445561081926e-03
1.393001515733414790e-02
