3.795315036883511923e-06
1.850838712976613301e-02
1.739483221912146863e-03
8.579932977672161606e-06
7.570403494990907492e-04
3.277720659273211570e-03
6.896782776243139079e-06
1.784925038873438354e-04
1.796353448773919580e-06
8.027841144872071869e-06
9.221996998223657655e-06
1.893199710465841464e-05
1.848664297450151380e-06
4.144044902494857405e-05
5.410209234220094516e-04
2.291048508503704811e-03
3.575006067216664023e-03
1.378638216585660806e-05
1.875297374324102475e-03
4.292196388862632274e-05
6.408195613796372446e-03
2.046366004576932960e-05
1.957810689988155519e-03
2.711521430192961272e-03
1.635508456755206067e-03
1.063181392626449777e-02
1.288848046119626500e-04
1.506877658430288156e-03
1.310037746738702347e-03
3.250845722922582077e-03
1.113954650126619322e-03
3.499387419856758182e-05
3.042996758541318656e-06
6.008257306538041914e-05
5.706984738303542287e-05
5.264185700690761023e-06
3.733877160325457095e-05
2.558500498251369860e-03
3.825062896592851779e-03
3.072417003016431752e-03
2.082703833405992775e-05
8.028743478541048662e-05
1.639508474363974991e-03
1.311326911888526746e-05
1.698161862249030971e-03
3.923336348170962078e-06
2.865122953163093270e-05
1.094024147229621805e-03
3.124403813739383808e-05
8.781316789565147071e-06
3.527889172310517697e-05
7.767057372353082132e-04
7.938431146161274433e-06
8.076714465386059362e-04
5.808883300233021695e-06
2.117552021899439913e-06
1.823302194564773885e-05
4.500700738401523142e-06
2.670584194597020020e-05
1.274098837889991623e-06
1.432355302374910865e-06
2.319229774336131866e-06
3.631040022164907748e-06
2.110911998348388981e-06
1.912527266981212793e-05
2.209230208919560412e-06
7.112269023988333945e-03
1.269645750897394297e-05
4.813611759409132341e-04
3.959598870571358863e-03
