1.820112471304219100e-05
2.174066504317612517e-03
4.892792530895938947e-04
2.384781086645676354e-04
1.806649947460483435e-02
3.660414409039428486e-03
3.926535491045607916e-03
1.805767084279327013e-03
1.019050206563062495e-04
3.124593058665395593e-05
6.037706086331132019e-05
2.166919613379798728e-04
4.540076794634161463e-05
8.953790996967267251e-05
2.849393631670982859e-04
2.593676216085087378e-04
6.494422456736453474e-04
1.644030183721724133e-04
3.092274589916660984e-04
2.923924256995609761e-01
1.582336926835672675e-01
5.503352286576542211e-04
3.578654477746578640e-04
6.849580756039610335e-03
3.437250365928103449e-04
8.210089045460423679e-04
5.871793272569204121e-04
1.305911906178120483e-03
2.514335393194060825e-02
1.605465208479287366e-03
6.735568794243000298e-03
5.936604159363562984e-04
1.761770166152529238e-02
3.824282235000551339e-02
8.284661348457213192e-04
1.044193268646564937e-04
6.919458553751914841e-04
1.004906278713442846e+00
1.508626630198121009e-02
4.397614802986401540e-05
2.536488966825285567e-04
7.213205391816912776e-04
4.954215333765702237e-03
2.722890396207217371e-04
1.091065508205612926e-02
1.961253469146384109e-04
2.749896336857496045e-04
1.343694531609467913e-03
3.272569929393057543e-04
1.778397578329540536e-04
4.078834947307312603e-04
2.856085800695475378e-04
1.815367466235241463e-04
2.271776463794862415e-03
1.274891485645871447e-04
1.275575282642200047e-04
1.947506824794239307e-04
1.188963698844774794e-04
2.654649767518835082e-04
5.308452795094650563e-05
7.907738123019595960e-05
7.441045084590437926e-05
4.149058832485739561e-05
4.717131813718827783e-05
3.064538636654402597e-04
2.832037889364170488e-05
5.040490634894318443e-03
1.898693130929045292e-02
1.979477086555866527e-03
8.096663835384600508e-03
