2.792554440150640913e-04
9.536265373330821702e-04
2.890793891657727696e-04
3.158128551224214991e-04
1.423487188956186933e-04
1.383798219727270986e-03
3.650169813121111224e-04
1.051031491750701154e-03
1.423437383636518385e-04
2.681365716109542440e-04
2.262862544129065894e-04
3.206239300166375638e-04
1.300318950447650990e-04
3.049637473673769703e-04
1.028478463462280043e-04
8.458876094849107836e-05
5.207374211676645036e-04
9.960252096662839739e-05
6.420271545673385130e-04
4.660802167449086520e-04
1.078023798446995155e-03
4.770149471977813064e-04
4.386994196704936374e-04
4.040444863042134201e-04
5.795793385316217773e-04
3.326595137468582857e-03
3.433409521744290138e-04
2.472019775145386134e-04
4.770665605814029689e-04
4.498367687410964491e-04
9.002137912857101007e-05
4.309385177374173504e-04
4.336300168647513561e-04
3.172025617793949653e-04
1.052543503712511421e-04
5.198202211165577286e-05
2.442462860242568972e-04
3.595328842068232916e-03
7.552495008573159542e-04
8.735363703864761076e-04
3.278460941132843500e-04
1.191256762340812351e-03
1.192637264283250096e-03
5.076734709383258146e-04
1.439380164307299894e-04
1.191713405073407359e-04
1.141628035562004839e-04
1.759363972010126584e-04
6.272156429283539791e-04
1.114471571453443094e-04
9.468522347821143031e-04
4.116038228448086977e-04
3.441395819695584608e-04
5.787323601114447206e-05
7.607623464596676821e-05
9.310439754821775611e-05
2.832281420526358822e-04
2.263719317492947217e-04
1.386317839028425270e-03
1.013255463333010510e-04
9.225059695388177243e-05
5.605136704920964601e-05
1.297134487304032276e-04
8.967276559005310944e-05
4.158467341914566431e-04
8.531417355336000060e-05
6.027145024570340799e-03
2.840745862168094068e-04
9.328165637255146679e-04
2.652740632525393827e-03
