9.173581248794464293e-03
3.235141329554072342e+01
2.967794682973250598e-03
5.819647915038058533e-02
1.518503556429175727e-01
1.347194982413589190e-03
1.607964076058716885e-01
7.757247667717197259e-02
2.620021347493519670e-01
2.028186744562255565e-03
1.362064469390480113e-02
4.887236409647129076e-02
9.758101979365441103e-01
1.455002098512714337e-01
9.853022514627800266e-02
1.287291748713628725e-01
1.735665529033338095e-01
2.638354831850208693e-01
1.325847055500877225e-01
1.103500216979766135e-01
1.677765212158124797e+01
1.207294996813398635e-01
2.690505818748205047e-01
3.599266849056300677e-01
6.276824636661774148e-01
1.157857403266169483e+00
5.081930389356606459e-02
3.782937731254763097e-02
9.807766327204008039e-02
3.907469453839074180e-01
2.636056677667967252e-01
9.082521679089691768e-02
5.856176719264707259e-02
4.538486341320029926e-01
3.656953968439553056e-03
3.857552974802029577e-02
2.118619100221643022e-03
1.563920256474245285e+01
6.354858823764267584e+00
1.544537056332637626e+01
3.374788467582789248e-02
9.132964823608731575e-02
3.200355659766090932e-02
9.456187103712595382e-03
2.151399220705491749e-02
1.090764082625887421e-01
5.191242283306141993e-03
2.234020309248809042e-03
1.064411072558258363e-02
1.461197547245541434e-02
3.594181901706021420e-02
5.685170277984246540e-03
2.619320667604661118e-02
1.920683676842330906e-02
2.165488789967210614e+00
2.890997816107120366e-01
8.731473013518291360e-02
1.208212440547575595e+00
8.987849800745975615e-02
1.319830971134326458e-01
1.706801632275287695e-01
1.031192856290226700e+01
1.879356994689000304e+00
3.866097840948375108e-02
1.250396515146873916e-02
7.483928362904622433e-02
5.917384840986536845e-03
4.121316536337922276e-01
1.003026344712643807e-03
4.310830058284220202e-03
