1.442915754482277011e-06
1.717557572159712656e-04
4.311158231956732298e-05
2.321974507671472411e-05
3.586263286648926833e-04
4.889000081334869512e-03
8.969776141511863693e-04
1.192290571778527504e-04
3.786749284579692561e-06
3.608317929215860800e-06
5.364922176543873985e-06
3.124532474766771837e-05
2.329168940701797777e-06
5.403804511782199201e-04
6.037242075142136189e-06
1.344854552795815324e-05
2.527091780675436771e-05
2.258881052239092126e-05
2.408242004435257608e-05
9.291093224202645433e-04
1.173815994439579926e-04
5.758230288669021302e-06
1.166100639104113089e-05
6.745187377705740527e-04
1.519492107743486259e-05
8.012834029095917770e-05
7.549915399430102471e-05
2.436182316338879713e-05
3.277386801032602850e-03
2.111935241238457872e-05
1.847510495596865103e-03
3.826751476698193432e-05
1.572797160404341846e-03
3.087754853638763255e-03
9.076735011264943677e-04
2.500474313844676420e-06
1.736085135805561368e-05
7.729411372888100006e-03
4.255600957315449902e-04
3.468506117298931874e-06
2.551429684768952624e-05
5.164937909028238539e-05
1.939659892198900091e-03
1.349808586224482487e-05
6.165174830151493816e-04
2.842294195541524356e-06
2.324168090532897346e-05
7.577159124096147181e-04
1.313527693872401521e-05
7.263120995342312272e-06
3.402344472530066931e-05
3.019919089574306880e-04
1.325119655918002349e-05
5.171949573292401953e-04
2.749926105047529415e-06
3.019452152826815673e-06
1.602136874340252980e-05
5.742111471318597302e-06
1.070415299903245429e-05
9.315737440158980131e-07
2.575585220516524630e-06
1.425473209451405311e-06
3.242342451767909275e-06
1.130732682488552936e-06
3.854274340639012313e-04
1.340750107407522483e-06
6.852914654548398869e-03
1.002436570863472374e-03
1.045155876417220350e-03
6.740751352379187366e-04
