3.778871643814531688e-03
2.438721117197395483e-03
7.722100920650185399e-04
2.298543295891938235e-03
1.439840900795689516e-03
4.288075203094844461e-03
5.947601458561208726e-02
2.135284744090283626e-03
3.358393568095752613e-03
1.958630535802733611e-03
3.728073593010046167e-03
2.947374940032110747e-03
2.340059233396070068e-03
8.638175668045767683e-03
1.275766448266891714e-02
7.118720257809906492e-03
9.360813435659339279e-03
2.556106910318062253e-02
1.761543829864758992e-02
4.712326259398609551e-02
7.232545865250396278e-02
7.512597465225042716e-03
3.634309909476325651e-02
1.977171844888896829e-02
1.199665170018019041e-02
3.185256741138888653e-02
1.007550175307621570e-03
7.182979109266581820e-03
5.449355010125632448e-03
1.299186798780874348e-02
7.672857501205429531e-03
2.086341660910009683e-03
6.417029224312809088e-03
1.397715935550651167e-03
1.340500552958475127e-03
2.115178179928484548e-03
1.017599954278093502e-03
1.111292267102768488e-01
2.009292624011967121e-02
8.175164787932410679e-03
3.272976451900267130e-03
1.596187224688117934e-03
2.656464112799477098e-03
2.375467995728583817e-03
3.263735641336670650e-03
3.100181284723421086e-03
1.015833477770604603e-03
8.537793746234217333e-04
1.226488904109851842e-03
2.858064633113999164e-03
9.453879426191154735e-04
2.005776742603698065e-03
1.369229636448046628e-03
1.205285626192657790e-03
1.565114026688421266e-03
4.841971377551070738e-03
1.828418171661070615e-03
2.206207329274698179e-03
2.430492640779750683e-03
3.170894965174924848e-03
2.943205076013349648e-03
9.945700908640228623e-04
3.093371296732420027e-03
1.056764786286234874e-03
1.599004390253097639e-03
1.983672809481852768e-03
8.654451741276773108e-03
3.918792453485250155e-03
6.919704568383278857e-04
5.926015579858115272e-03
