2.928265427369886026e-05
5.422802495179100419e-04
9.682412470298986003e-04
2.501644046193472358e-04
2.484674377546138100e-03
3.390702758650315091e-03
1.928951809882370678e-04
1.083324828999561364e-03
1.048303486478054477e-04
3.098731704282967932e-05
9.264266118822882690e-05
3.169114709667392019e-04
4.415877279889754024e-05
5.217334612831274997e-03
3.989475100214246437e-04
1.521536623773544138e-04
7.677915370952709088e-04
1.793354235453291021e-04
1.899888505266962221e-02
2.102919972633182947e-04
1.116971561705908833e+00
2.302548195983187326e-04
1.036385114613511084e-03
3.062057197427964783e-01
3.391702020963649998e-04
2.098000320475943564e-03
9.619534470669244795e-04
9.521679977068158926e-04
1.401239185744293514e-01
6.893019642250268475e-02
6.054706478976144314e-03
4.435385993670938197e-04
7.816612517226380775e-04
2.243902390624449763e-03
8.378041998172429828e-04
1.516635477500241722e-04
6.540298500940641344e-04
3.066383617209295087e-01
8.281730581007439307e-01
9.160556398499730918e-05
2.864432094340706668e-04
8.225300307214063493e-04
6.377500861989893882e-03
3.404215236463308176e-04
4.564040208057600773e-03
4.258958487163625167e-04
3.564899611113115036e-04
1.469386939090229667e-03
1.044158559782100123e-03
2.023001664378095636e-04
3.859439387713313701e-04
2.388371810995014877e-03
2.041259489279652730e-04
1.101668458232622945e-03
1.459992619966713292e-04
1.319254467668589629e-04
4.031148934739218993e-04
1.388152360127579803e-04
2.635178916096040237e-04
3.998274540989145637e-05
6.105443426260509857e-05
5.996034930553244453e-05
3.468630740243053648e-05
4.523707874714132256e-05
4.301414937775400018e-04
3.806077207181935096e-05
2.401945220388177621e-02
3.419886760858875923e-03
1.057578071341436741e-02
8.319236038074514714e-03
