1.261561815602014940e-05
1.215811023307240921e-03
7.650859152787224733e-06
2.349386715871907942e-03
1.489599508199842106e-04
4.211263110250510573e-04
3.818426688090054995e-05
8.931732309113552985e-06
9.394177155358015435e-06
5.407826057210065966e-05
4.071233917192883657e-05
2.006615318064415779e-05
8.102159395940106086e-06
8.325541288962055289e-05
5.558673155046624714e-05
6.449596727037631527e-05
3.823426075652514386e-05
8.088543902919520957e-05
5.792451555329473489e-04
4.581598268219539772e-04
3.905193754992559302e-02
6.879440138380301262e-04
4.810095460746415891e-05
1.246504766184612818e-02
7.764120700527548085e-04
1.100552063924476500e-04
6.846834223133011681e-06
2.673999157481231977e-05
2.288595878873416912e-05
3.590765745287533613e-03
3.395422299319189190e-05
4.640978314638124992e-05
5.097943933942281547e-04
1.857694292597676338e-05
4.750104378225498692e-05
2.801936966219837770e-05
7.742108619159054987e-06
3.904223506777030592e-05
1.176704160250293492e-03
1.469384000642540143e-05
1.761136253365988135e-04
7.460466079452092762e-05
5.270327008111573612e-05
2.675335598974165987e-04
3.029464178453749617e-05
9.579237703059461487e-06
2.762874580111084090e-05
1.319959476420629507e-04
2.308925942449306179e-04
1.078414150453495154e-04
8.637776580633634385e-05
5.964939477058515793e-06
5.664472492240712674e-06
8.306561681271775212e-06
1.046132653854361942e-05
1.755404269819026781e-05
8.402377894879440126e-05
1.806810023859693385e-05
1.303511196453187304e-04
5.478151732454866167e-06
7.222273763906837798e-06
3.791365895091899137e-06
9.780316724512237543e-06
9.005610257985198478e-06
1.003745193862181278e-04
9.626152274771231689e-06
4.702168681389831337e-03
4.508084368607181302e-06
1.489094719881904952e-04
1.715504209433916030e-02
