2.867603403838113728e-06
1.467219192215783784e-04
1.708167684341847586e-04
3.375434395358438010e-05
4.215670753571560325e-04
1.606807479103569128e-03
1.229873220924000671e-05
8.972526019942614816e-04
4.958710657228621464e-06
8.208162114794429693e-06
1.061655132213760087e-05
1.962576357052590241e-05
2.606445960760010482e-06
8.542378735540742240e-04
1.920702146399519056e-05
2.076989347666526690e-05
4.661762813171710861e-05
2.484081841834177010e-05
1.278329409468073087e-02
2.505809827031826929e-04
2.007752449760219493e-01
1.568999049341156552e-05
7.648274818716290391e-05
3.601796470482773738e-01
8.382816543969908796e-05
1.206969154534634232e-03
1.283354279686072050e-04
5.096271141248258460e-05
2.045208131515727744e-03
1.329120603061139175e-02
2.931463594815541043e-03
8.337291623375823004e-05
5.390332033497907422e-04
3.426106823001916478e-05
1.433096127699303845e-04
1.817314518008817327e-05
5.809892504147861600e-05
4.701013217088474347e-03
1.374827404356601390e-01
3.046379085882373796e-03
4.542521849269715365e-05
7.110285867493138184e-05
1.228174869023566061e-03
1.329355858058055402e-05
8.742461112328878819e-04
5.148625968877091176e-04
8.921149400760139717e-05
1.807159323507930807e-04
2.369047381283247589e-04
3.202594463502282467e-05
5.028605876438466083e-05
5.252161752591175559e-04
1.077267659472133306e-05
3.574581289006461301e-04
4.074222989430027781e-06
5.124475682649479776e-06
1.652459764577222974e-05
6.746184150756541229e-06
6.822615129726647583e-04
4.099704652296622724e-06
4.267634996378166241e-06
1.983610233869596327e-06
3.372842950169026139e-06
3.587314127709757753e-06
3.900428555716064854e-05
3.884893681725229729e-06
2.035341595223328845e-02
1.724437842705700465e-03
2.711895477362873379e-03
4.175276868603364049e-03
