1.350727096269205198e-03
6.125570585083495861e-02
4.974601371274059609e-03
1.346617792845604053e-02
1.722436578036987825e-02
7.444834055337410002e-03
4.266858121610327820e-03
1.363805703934168820e-02
6.266077257010960362e-03
3.199935809131000371e-04
2.636582275933014100e-02
4.004972352990082002e-02
2.948614161031047664e-04
1.704893712365414260e-02
1.053153994459356084e-02
3.019576139854236729e-02
6.922160802008674174e-02
2.228561558732247358e-02
2.501350794903262065e-02
7.347925731307468344e-02
1.964691518103496293e-01
2.583408473645188233e-02
1.673625782271635429e-02
2.858197841876384399e-02
1.858207678337518362e-02
2.478233068056462374e-02
8.988717345421875365e-03
1.711091826580714292e-02
3.123503669234501887e-02
1.058866028035205034e-02
2.736424003698229371e-02
2.255030794498396815e-02
5.045268412410099101e-02
3.410637390480966702e-02
1.119457321408542276e-03
3.499525456373918982e-03
6.127792378649688605e-04
1.308790415437811015e-02
1.186361607514694640e-02
1.092664134371826475e-02
9.688899657351522990e-03
1.853959322534673090e-02
7.437391644611378305e-02
1.194527174411801063e-02
1.774297728193219639e-02
1.460792830912959091e-02
5.267671736798938513e-04
2.354935540946745138e-03
4.073206964270443663e-04
1.370113830783139912e-02
9.277770484563709757e-03
2.124314395175392386e-03
3.000242984350229986e-03
3.692986857804841580e-03
7.663690098508366307e-03
2.868913817431275465e-02
1.553486885259390896e-02
1.756115441389217643e-02
5.916228046823590299e-04
6.587976862540370453e-03
1.380625197686011739e-02
2.207568536521603217e-02
2.914889087279602751e-03
4.841435123166625172e-03
3.698665138590364731e-03
2.165618553129992126e-03
8.108265979650547406e-02
1.904964474426161514e-02
2.735307833244613254e-03
9.698693353172083143e-03
