5.474692358424986059e-04
4.674078266882512045e-01
1.054588494446153258e-03
6.894851381209269464e-03
2.408203741156929034e-01
2.341146146309738742e-03
5.854028924968665559e-02
7.494696517143181747e-02
8.343259242944350623e-04
1.097954890370033722e-03
9.995492457886795239e-04
2.903133028037896413e-02
6.781232180973734798e-04
6.129441995536680232e-03
2.842172481872472494e-03
9.470852966024794969e-03
5.170461545945043841e-02
3.681610198008929656e-03
2.514498431123985203e-02
9.243023464576925752e-02
7.932344510248277858e-02
3.714676365660081730e-03
3.798993200030827133e-02
6.066077830732159726e-02
1.957751125873088971e-02
2.649462370975152470e-01
1.525126146422155493e-01
1.649091937799570043e-02
6.763433146378665384e-02
2.203596575506384936e-01
4.756649438098086158e-01
3.703388219738774217e-02
1.268720294201563202e-02
1.740506908262020799e-02
1.254300405918116037e-03
4.707650952731104151e-04
1.990285078202758563e-03
1.114406044084592651e+00
1.371060941887155327e+00
1.010510518480753461e+00
1.322632639055227981e-02
7.834487586253295610e-02
1.362027489330168428e-02
2.486925380608432865e-03
1.465115185260714922e-02
1.567423556481536695e-01
5.595133045727356327e-03
1.647494716670371917e-03
5.171968196168961161e-03
5.744643339568368014e-04
7.829442188205026909e-03
3.885947843964424660e-03
2.952663019078731119e-02
3.366095688691366460e-03
1.218297089217080104e-01
3.683781946415013581e-02
4.481703910548068964e-02
8.041044027066617250e-01
3.123989055587009581e-02
3.390089539082251596e-04
2.220972975413015860e-03
1.779134882074332458e-01
3.579817494778706074e-04
5.063919692833817720e-04
1.730760990745038334e-03
2.749119945324814043e-04
7.848720070850511224e-03
1.861083650888518126e-01
3.831597954901822933e-03
8.544237789099467725e-03
