1.782136769776216214e-05
1.886689562147288342e-04
9.097723804784667290e-06
4.483460202230121685e-05
3.997653173090486977e-05
7.026806505593977299e-03
3.193738161635447271e-05
1.482824711725191130e-05
1.360740178180977106e-05
3.894489843974068666e-06
2.643734783223480769e-05
4.404794070396456774e-06
9.718067347695434800e-06
1.574287225494087913e-05
5.649705920331924016e-05
2.489412881510890159e-05
9.615020759393951504e-06
1.977525316656350809e-05
1.209859470746127387e-04
1.913566523604910008e-05
2.060519373735790493e-04
1.571873547781411958e-05
4.387421908811747393e-05
9.243831802684510481e-05
7.953592507262649579e-05
2.000713341638824265e-04
4.935822544389808658e-06
5.870374764413904605e-05
3.855357282849882254e-05
1.909188307031544344e-05
2.343276845487902247e-06
7.909126686987511494e-06
3.328718723400387224e-06
9.201924233839871184e-05
3.035986273118240184e-06
6.312829306739031316e-06
5.838506947897706677e-06
2.370606474872442783e-05
1.688080334851494276e-05
3.822408762219053145e-06
3.499843849854835715e-05
3.613605918683345447e-05
3.167289501425542145e-05
1.754538899462424747e-05
1.393992708041712810e-04
2.489017010087973234e-05
2.051586476619000287e-06
4.954761862177654483e-06
3.793308575798844862e-06
6.150267269749787942e-05
5.549551051110142851e-06
2.073692677006446085e-06
9.499715823881581074e-06
7.257006396670557921e-06
7.769805961377160527e-06
1.392629957270411700e-05
2.212111469401919207e-05
1.944749041110438049e-05
6.730960890529718968e-06
1.491911374095564490e-05
4.521510403337316021e-06
5.499131624756884022e-06
1.394905378541378359e-05
1.013354263238053475e-05
2.110038408288314799e-05
1.241909458481887341e-05
6.289761575656000782e-03
3.771536172191964922e-06
3.459753889591797452e-04
2.903218601651739794e-05
