2.779332565769205600e-03
2.638960128392919130e-02
1.441205147804857419e-03
3.411788668107590405e-02
2.888309182702320649e-02
7.716516829791677731e-03
1.586337947618064181e-01
1.741865437909660003e-02
8.596525086207571290e-03
3.152458810858406370e-03
1.290576375890636895e-02
1.703750488606766214e-02
1.361732967394624957e-03
1.852654948790734279e-02
2.554334255622873681e-02
5.866663509675727750e-02
6.729612975359647309e-02
2.413036442310011881e-02
2.077915046803357688e-02
8.246055309919562634e-03
2.809999614609886079e-03
3.656605788608463525e-02
9.588069561998913831e-03
4.823322324765071806e-02
1.855362137806085623e-02
3.020524396649826998e-02
1.255785334346725887e-02
1.827672751560811132e-02
3.161130863007195757e-02
1.015938231138151238e-02
1.896320059123740576e-02
1.656513956915812297e-02
5.674587718786199692e-02
2.872559228242232976e-02
1.254855739322152794e-03
3.985216415486732776e-04
1.529869064509132084e-03
7.757157768813518692e-03
1.833478059080768940e-02
1.054548188282928081e-02
1.047993492270018513e-02
1.998065908325143483e-02
5.700316313677125657e-02
1.160450629358682033e-02
1.143877070371878378e-02
1.721480765463352311e-02
6.333102479853079539e-04
6.036828791281853568e-03
1.059859918668040963e-03
1.671214166777511279e-02
9.464072424241114917e-03
3.525127220209360590e-03
8.527824846734846989e-03
1.199237183941674265e-02
2.242785161098144811e-02
2.726312467036542259e-02
1.929205473200750615e-02
3.223950906300728642e-02
6.979108591166609948e-04
1.446828426164091692e-02
1.413895331100509418e-02
1.941135554423761150e-02
4.951158907436000248e-03
4.594797446893614419e-03
2.971496592676916779e-03
8.239963300639833229e-04
2.644842146202532052e-02
5.803145017904358383e-02
2.034099984603551618e-03
1.060879580089818010e-02
