4.336138173459503503e-03
2.632833442113181044e-01
8.401282292581561777e-04
3.022311275807958251e-03
7.911846523812625376e-03
1.522015383262184836e-02
1.295909287468852318e-02
1.571284042949269016e-02
1.309900586811933547e-02
6.423782499349395443e-03
7.378349436000596062e-03
2.154215458021727873e-03
4.489553928332537004e-03
5.459650138560777355e-03
3.773173479151591559e-03
2.991049636218950751e-03
1.823166447005916419e-03
6.535426523999637860e-02
3.094658933308473605e-03
2.152291908735851078e-03
1.087942466508919764e-02
3.771586548505369545e-03
1.534006537640838184e-02
1.497314540836966815e-02
4.437618507319097266e-02
1.704645388529273456e-02
4.848921776004611224e-03
1.968187986890860414e-03
5.487152278393371205e-03
2.023205144764522560e-03
1.109884560214193178e-03
2.500690491558430102e-03
4.418409216743256901e-03
4.342993549410534282e-03
3.105702231819372624e-04
2.763339971367960533e-03
7.516976738624337991e-04
7.194167849659156844e-02
3.056095960187631654e-03
4.446423784194161559e-03
2.215443927131933392e-03
2.535625968639517672e-03
8.496851801118248488e-04
3.836373069617551868e-03
1.545273676331154061e-03
2.699995549869098690e-02
8.378502741463668586e-04
3.036226054335621990e-04
9.850526970568889221e-04
3.554592381460591494e-03
2.197861011169963998e-03
1.586509625590931487e-04
1.280311630381447902e-03
2.639586612118118101e-03
1.694182600832807141e-03
2.311456588014819055e-02
4.676172102766617406e-02
1.867696578519543321e-02
4.686315189957724822e-03
1.353399523331039189e-02
2.369580208607021017e-03
6.645432038725862522e-03
1.344005908912713869e-02
2.429925906505810834e-03
7.090681347629037255e-04
1.825377627899644377e-03
1.609221575255561591e-03
5.838339654370671913e-03
1.350514839803367700e-02
2.385880987245215645e-03
