2.967601474279911184e-04
7.322586872259539406e-04
1.747878084107903549e-04
6.120612949995883493e-04
1.219283665294547576e-03
2.972740724240924260e-04
5.579312482110410304e-04
3.565364621885835483e-03
5.049814135807467665e-05
7.386702760844409809e-05
5.715565590696347175e-05
1.614670094597784374e-04
9.290055694397711069e-05
1.864337812101311961e-03
4.630357728691245349e-04
3.434620694057605433e-04
1.393452806279204799e-04
5.376454485001848057e-04
2.744569290297797781e-02
2.236739449670562896e-04
3.623139676367241341e-03
3.698840227843624073e-04
7.964108427817584435e-04
4.006242712933098110e-03
2.825739537247581867e-02
6.630947996923950176e-04
1.601832606184496995e-03
3.539830413817400372e-04
4.499565819822260284e-04
6.934318256095952683e-03
3.467311408199774485e-04
1.823524201603026460e-04
2.266512778581992321e-03
3.353650585147825497e-04
1.019462899482904777e-04
4.992476497824216344e-04
1.557219624846794084e-04
6.327635703414901270e-04
1.131633859066075382e-03
7.609243623409891978e-04
4.748779580946204727e-04
2.456932143382061537e-04
5.350013466994096422e-04
8.195287711252208923e-04
8.870852693795184152e-05
2.352038394106745862e-04
1.875267908635768366e-04
2.218125513184297348e-04
1.632775244582918201e-04
8.403594153566886545e-04
1.697496972913301895e-04
3.518479589999894673e-04
7.497627475315303102e-05
3.788524289625709736e-04
3.028154732775875375e-04
1.829781697867824343e-04
2.700457195836170922e-04
8.882316429898825974e-05
1.253876857214034253e-03
3.717911783576742838e-04
1.597626010999882314e-04
4.318132922626971917e-04
9.022671829688425234e-05
2.272461793299154320e-04
9.879401812228072455e-05
4.221811061385957173e-05
2.877560269813354203e-04
7.164261911646606406e-04
4.622202550025504043e-03
3.573210051082151913e-04
