1.647894614367892419e-02
8.809983549252388760e-03
1.062069069814348087e-02
5.637120091947663697e-03
2.104873656355945883e-03
8.437813456212929150e-03
7.443485148764615762e-03
4.632352812531618548e-03
6.337791922643194222e-03
1.424137951339045534e-02
6.575061255712452701e-02
5.030592951288105977e-03
5.289391235478069393e-03
1.614225489406463654e-02
1.320381285265300950e-02
7.042217383993126280e-03
9.318089527667688943e-03
6.339504044684027284e-02
1.693382622818614958e-02
2.128898638253638384e-02
4.278366081620652572e+00
7.110929464690603219e-02
4.499323588832642579e-02
2.646965037557350714e-02
2.191329709323345046e-02
1.425774543654768911e-02
3.239769444670147474e-03
5.995745389425963939e-03
2.841972351164777279e-03
5.485237922744257318e-03
2.542811414396235932e-03
2.091480255765002655e-03
8.321841453808544523e-03
5.944756377301446855e-03
6.677128031916452176e-03
2.847493827385989482e-02
1.011701522178735241e-02
3.055608557550223980e-02
2.283876593444776615e-02
4.770137158696459434e-03
3.571938919044019903e-03
8.290747448862332072e-03
1.019924858926400148e-02
3.415490056648687236e-03
2.032924828979175425e-02
3.365913606369521759e-03
7.090821835788745260e-03
3.614404793140191426e-03
6.719306612105571501e-03
6.887014603316565439e-03
5.366076488880218431e-02
5.782428940556274405e-03
8.394241845833439949e-03
3.608098364581205624e-03
2.495532799585103816e-03
2.543380272860328549e-03
2.923183427385730743e-03
3.344645442324791634e-03
2.238803574607350997e-03
3.404454320771890721e-03
2.498919936074486207e-03
9.446710345642460056e-04
3.010703767560208525e-03
1.853937757280815475e-03
1.569334261976256320e-02
2.138565964791365806e-02
2.218419188444033241e-01
7.462828786823295230e-03
3.123387805929426098e-03
6.705724920531726078e-03
