3.962137896301660273e-02
1.769678154719689714e-02
4.455069769458055301e-03
4.803202840005247470e-02
4.951143825999433923e-01
3.248710304010463210e-03
2.556786417014467183e-02
8.320908644102210927e-02
7.795538475105741501e-03
1.279337441971003728e-02
2.011316534362549840e-02
6.376367880462518838e-03
7.928460596057064214e-01
5.211610119347837022e-01
2.293479136593744860e-01
4.222638171245793881e-01
2.327587009709986554e-01
1.259292052862669653e+00
2.711227866252689522e-01
1.225560167472701523e-02
2.292840100351776655e+00
3.090025562763993316e-01
2.352467692218743467e-01
4.588827443357711838e-03
2.724931416652696670e-01
4.322829623306329583e-01
2.473678634464583290e-03
3.073000916936746152e-01
2.274252890447155950e-01
3.855029614447194608e-01
6.477705355749732163e-01
6.203770013580623549e-03
1.955555246732659791e-01
1.010552552079452097e-02
2.530924320480294146e-03
3.178605191240404301e-03
4.679808654522089016e-03
5.805003633429948670e-03
8.651833530882672985e-02
5.051231277406077469e-01
1.646185255277644865e-02
1.236582530565118708e-02
1.042695493245872872e-02
6.780386442574722755e-03
1.126703214069362836e-02
5.413105790157086983e-03
2.301043968790000057e-03
5.987301308880925606e-03
4.584129713681604421e-03
3.997847563949910761e-03
2.372927901098549879e-03
5.723850448045714190e-03
2.167889866876190723e-03
1.200247153541893555e-02
3.689096378228624851e-03
7.527240866872074269e-03
6.729020254160395474e-03
2.772020433858515126e-03
8.216519336203939941e-03
2.433288806115740163e-03
9.859373247464026102e-03
3.082409577424621936e-03
4.384117846951745591e-03
3.183320482521494882e-03
2.911845700602353187e-03
3.038084507057564696e-03
2.407232231572609821e-02
3.234237263774772473e-03
7.377519406619029163e-03
9.675186830853138575e-03
