1.496615703838988509e-01
8.289493958298369307e+02
5.314291711011934725e-03
6.784040763505380101e-01
9.006589195657940250e-01
1.366065989349842490e-02
2.407708351347113140e+00
5.732481058329743639e-01
3.473712917137435241e+00
4.199187671174561820e-02
1.141056969150718581e-01
2.619358792092807975e-01
7.431842766079306273e+00
2.833668773672896268e+00
2.130314720047660870e+00
1.800162138205192885e+00
2.293816245919002572e+00
1.726102921442587146e+00
8.588841366918519293e-01
1.392635105623019065e+00
2.355324933210425797e+02
7.350756104298580285e-01
8.234518932085842513e-01
4.918125717890626247e-01
1.315926311044796959e+00
8.842740778884166986e+00
6.752174709337644964e-01
6.366005971875244862e-01
3.477592105614518148e-01
9.459004434090672042e-01
4.221469317757451933e-01
8.149671458063326712e-01
3.086567508498986312e-01
3.644747473222949452e+00
8.558026341465265613e-03
2.414880487557392527e-02
8.766360922298198702e-03
1.002136781281091231e+02
4.293429358564813469e+01
1.335892637080902148e+02
2.627827827270630134e-01
1.068736805788409017e+00
6.840617532990149463e-02
8.819034528784208682e-02
1.501770196701212035e-01
1.194649481192481710e+00
7.030093618970882641e-03
5.148236212986007782e-03
4.384557332197370171e-03
1.354518959937458245e-01
5.568920316165499873e-01
5.093255948205162482e-03
7.432876067754629751e-03
5.781283484682094714e-03
6.953851126149194428e+00
9.941759806735201987e-01
1.722851834151781503e-01
6.256696314793310343e+00
7.296185083158361895e-01
4.271007188967236301e-01
3.323324422004018674e-01
1.061194826950648462e+02
8.252696972651003549e+00
2.854758755414817384e-01
1.651651610629568251e-02
7.299035362048899266e-03
5.837574373047444976e-01
8.500593112663896722e-01
3.797221188820827393e-03
3.917642781939000007e-02
