2.748336628996716005e-02
1.076691088057997805e-02
4.000420257664287667e-03
3.307989133538118826e-03
1.249951679889251155e+00
2.751670622826255311e-03
1.272055405759386741e-02
8.426740006215487078e-02
8.028454589966512248e-03
1.020126347723823018e-02
2.195607105421228805e-02
1.977861328752613702e-03
4.618980814206042826e-03
4.978679900083310961e-01
3.125096694239067885e-01
7.179149402361391097e-01
1.350079907467834905e+00
3.214075312397247641e-01
1.513856089209807410e-01
2.722984073667067753e-02
3.550250756637951088e+00
2.333280988357141761e-01
3.506951401762644638e-01
1.491737739771767102e-01
5.196836445444521502e-01
7.253716439553818951e-01
3.043519371563746523e-03
1.795399552945699251e-01
1.996697858923137670e-01
3.569183040119207617e-01
4.264535618290731245e-01
1.129364488298846038e-02
1.260948367866269737e-01
1.384502362279851385e-02
4.385341114641595761e-03
3.479963620013790289e-03
4.216421963081513555e-03
2.578639775438775761e-01
4.496153832011234641e+00
6.766603924674414738e-01
3.980990430165628167e-03
9.824791827578777462e-03
1.327887413236052659e-02
3.680583324250693861e-03
8.534302524017069874e-03
8.428586613912152081e-03
2.816596565158154854e-03
3.380654422830552987e-03
3.427337414108911576e-03
3.879797665374802931e-03
2.217355239956884938e-03
4.671104510961419584e-03
1.819909491729600160e-03
1.961943623745159102e-03
2.734622768090663909e-03
1.412471882824769230e-02
5.206775030996451357e-03
3.565329715746111579e-03
6.449258456581432632e-03
6.247435003751678623e-03
8.387109623130816274e-03
2.929925453181512172e-03
3.826403937442927460e-03
1.637004071004888881e-03
4.074202085652367002e-03
2.136544798229413761e-03
3.123300354392379019e-02
4.050960458172033450e-03
1.211624323108214003e-02
2.301681709099093545e-02
