1.076513001307270343e-03
3.758981510638085958e-04
9.160763262099994736e-07
1.058443444087105336e-05
1.959069414359552593e-06
4.156519023850731102e-06
3.380508057810569677e-05
3.304746904528910866e-06
3.618002839911951935e-07
7.043353137793525372e-07
5.002679854035999277e-06
2.365659427908072519e-04
4.125522999520444392e-07
8.838753701295913134e-06
8.063220250852186000e-06
6.130456225402111366e-05
4.989359418133116519e-07
3.825609245453755791e-07
5.253513349680810999e-07
5.754052380363757776e-05
3.289555536763463707e-06
1.595250133091746257e-05
1.924324679244431892e-06
8.933454016717902089e-06
2.956175289987255654e-06
5.366062257607696116e-06
9.149840538607431182e-07
5.685114069955416001e-06
7.787998003788104782e-04
4.723400925122543040e-06
8.981312931806532951e-03
5.754423436439637850e-07
1.920228704933150992e-06
9.670113281647468298e-04
7.646414193752910322e-07
2.509572300264267156e-07
7.770653622397740259e-05
7.946319479094880603e-04
5.356077115483247065e-06
1.042983303664835634e-06
6.482906795903241195e-07
9.546080463662863770e-07
3.832109449781062621e-06
2.203974247459027756e-06
1.309283163604249248e-05
1.685251140052382197e-06
1.953855262819147360e-04
1.725493743369760269e-06
2.177602207835015856e-06
5.324169345571795478e-04
3.545839594634438638e-07
7.131085211992389469e-03
4.218272426647306124e-07
4.404780404898569340e-02
3.688489637801441527e-07
3.620110545196064677e-02
1.558105629731000597e-06
1.925767572318175941e-02
9.745592673086467608e-03
1.318811026149810857e-07
1.034524842281782229e-07
7.341603900056916275e-07
5.475330935351386229e-04
2.781116731838979969e-04
1.547014142876251214e-07
5.492557578984012970e-08
3.727590065563567826e-06
3.165490949246958179e-07
1.276506902621881486e-03
6.718488236892941521e-06
