6.528236442921914184e-03
1.068834607926553645e-02
8.814673586421467241e-03
1.943115459146109794e-02
1.602749502732622343e-03
3.120932972308095715e-02
5.996892555389182755e-03
4.691194342088162578e-03
5.548544229406345354e-03
1.855210188529545293e-02
1.032325633210255666e-02
3.247194711403064184e-03
6.437832673841513073e-03
1.872533242854133168e-02
9.134423832374541710e-03
3.423799867769480344e-03
1.193947856504224553e-02
4.031279202696809449e-02
1.380156917710680282e-02
1.015723078214456586e-02
4.076108275358002464e-01
9.014747387843094484e-02
4.558736852179690394e-03
1.196641281956609647e-02
1.831689927396630904e-02
1.738871387988355152e-02
5.401928621183931835e-03
5.511939496201874282e-03
5.383314053101393229e-03
4.216040268290536380e-03
1.757342280712805493e-03
2.229654074645402023e-03
6.397657166303935203e-03
1.624568058563545568e-03
8.752467411194843686e-03
1.570535531451259514e-01
1.063810590482664777e-02
3.485891896032859011e-02
1.767009487075454563e-02
9.357647278554873799e-03
3.443260917390791875e-03
1.888069904949297648e-02
2.969122075866726870e-02
6.550424731403041434e-03
5.599502142321811926e-02
2.706103158894927665e-03
1.537640537355815240e-02
9.094253675306846960e-03
1.073194921648448243e-02
4.518473844622132064e-03
3.694315604978146844e-02
1.966920367001367270e-02
9.016307624730194106e-03
7.386413399880443521e-03
1.907222836851280414e-03
1.701551488944856106e-03
4.021079923785577000e-03
2.472135416444201910e-03
4.192043708014267338e-03
3.000964945562340294e-03
2.516411134081554101e-03
1.565927289125648063e-03
2.350530670056464287e-03
1.292191425968332698e-03
2.776618562442054183e-02
5.023695136220830693e-02
1.059922428607648973e-02
6.117794480062170755e-03
4.119665219445783379e-03
3.916338097994537248e-02
