1.892567913706819371e-01
6.770655929044492538e+00
2.968356943204251801e-03
3.854488931001458923e-02
7.742399292727035476e-02
1.372087192799555447e-02
5.773188225522646322e-01
6.623893584175171156e-01
5.099951869026400075e+00
2.918713575599684792e-02
1.811311453726061615e-01
2.257237398653855198e-02
3.774590498298027175e+00
7.723880103547928200e-02
3.475962838944438721e-02
2.277886132820599596e-01
4.010839950267577891e-02
3.169042171990041346e-01
2.333300215686841608e-02
7.371700841465446130e-01
8.473033213637052308e-01
3.494075369658488500e-02
8.225833203698551532e-01
1.820370723619295084e-01
3.651036895788804526e-01
4.144352317496055704e+00
1.143548400965748835e+00
1.086977759604994091e-02
4.169191291846859326e-01
7.039687212772788305e-02
1.374925961199110515e-02
3.501371817114456997e-02
9.065301372661625778e-02
3.590054511255609260e-01
2.978539235218824119e-03
2.696766915026072887e-03
2.823448263182459436e-03
1.117586638212743289e+01
1.964115879380260998e-01
8.180008056641215219e+00
2.209274033185844657e-02
7.406525657016315226e-03
4.262620097203384181e-03
5.087673933778520674e-03
1.208820996564057004e-01
1.950263823211002778e+00
2.562261918026434524e-03
2.442965839526052476e-03
4.728764457978429370e-03
4.024222907053998793e-03
7.564084552940111839e-02
1.116455099983526371e-03
2.297361062585777641e-03
1.588163922491280522e-01
6.535484608826341857e-01
3.564341334686259577e-01
4.146892197501030886e-01
2.583115933136508335e+00
2.190632519375994292e-02
1.858677597912729573e-01
6.219736155555270068e-03
6.519369999792513859e+00
5.678819919619496837e+00
3.231921835141047042e-03
4.379011588121377481e-03
8.438788434936207077e-04
1.875053461410429445e-02
4.651928036465229899e-01
9.947113442143669382e-02
3.419573911988856713e-02
