8.957371748787848129e-05
5.846764509047979071e-03
2.633666474668426853e-04
1.563102010908763283e-03
6.416277832957438879e-04
5.726631201133355019e-03
4.828176316383553032e-03
1.316422540938486097e-03
2.715278734527612134e-04
5.091062563375526391e-05
3.824587755097959372e-04
3.933361660961145860e-03
2.059824614913060401e-05
3.379161428167444959e-03
8.814382821672238442e-04
1.011784956120679755e-03
1.308486167085847742e-03
3.731387442595566605e-03
6.263148054394214459e-03
5.163921094889873872e-04
1.469559150769569889e-02
5.927291696584093689e-03
3.474309145817410741e-03
2.378649113030042398e-03
2.229181816457710252e-03
1.320347394042776547e-02
1.361159326071553950e-04
1.442808146482151563e-03
1.815078007497907811e-03
9.545724697471859137e-04
2.324612086692760815e-03
1.179385984845550839e-03
3.696848500237051301e-04
8.017735928165280537e-04
2.477652984733072104e-04
1.849986708332721169e-04
8.808427767010607067e-05
1.162879234892009398e-03
2.318857630202533510e-03
7.912918529680613728e-04
1.023908295327765087e-03
9.911543369274941010e-04
3.098430579143555703e-03
1.893925537767543249e-03
1.275757816706984569e-03
8.136809207155558821e-04
1.387672699646303537e-05
2.291842696548328391e-04
2.581393795886891449e-05
4.004964061593393326e-03
6.991959792618221339e-04
2.241585483817031834e-04
2.318816769322596207e-04
4.330396070097601905e-04
3.015695122493912460e-04
5.548175760185269142e-04
4.753176488747727093e-04
3.014453675397361248e-04
7.124725790811702953e-04
5.329443849441526564e-04
4.723561396704823757e-04
2.004040386775666029e-04
3.026558995221883793e-04
4.696651254746014360e-04
5.004279213460542577e-04
1.113322563509466659e-04
7.913367408220514654e-02
8.745532493566207199e-05
2.474336694142193968e-03
4.524186423125352990e-02
