5.921790498008918952e-04
1.278491828321915991e+00
1.665657980880403451e-04
1.259645307652888443e-02
7.274658845427478537e-02
1.113139940948345468e-03
5.872004402643600865e-03
5.640651875677570384e-03
5.653502311531231894e-02
4.151543827478177502e-04
1.435978723931935963e-03
1.317552390036731257e-03
1.002979127887169974e-01
1.719052770262351898e-02
1.359737852829575287e-02
3.692798879034140530e-02
1.409942373132885493e-02
1.090066531745386043e-02
2.427115339166433655e-02
4.229455000243860507e-03
2.077335664183798780e+00
9.850330952783068611e-03
1.562584949261227457e-02
9.588106797173942542e-02
8.754253783916331189e-02
5.299161765084896558e-01
5.457810288620107420e-02
1.672595866127116540e-02
6.506296917224260040e-03
5.146778555761511997e-01
8.658939782220116677e-02
4.730687412587741662e-03
6.848636051820285002e-03
4.084849934828874152e-02
9.614207371595233039e-05
3.873406530179390652e-03
8.138763108035547932e-05
7.665928607407628270e+00
2.614379661466589067e+00
7.395325185162748838e-01
2.764842828395647212e-03
2.820632683111710861e-03
1.091982326915338225e-02
1.024088382344967791e-03
6.109313592625651573e-03
7.511426598037738989e-03
1.366408715054012583e-04
2.933378910346857733e-04
6.450351720155045624e-04
2.221263309770545816e-03
1.276480918298651722e-03
4.818663334521431870e-04
2.218143757016697269e-03
1.368614871315920875e-03
1.097220887345099205e-01
4.416114021448400845e-02
4.799167755795682999e-02
8.484474113940315698e-02
4.975034107704549846e-02
6.317891480529132936e-03
2.775866963078882713e-02
1.581851543352387202e+00
1.152575923138366570e-01
5.149378037515359337e-03
1.265367077522084552e-03
5.803865489552182712e-03
5.887851935979754141e-03
1.393134914935029514e-02
4.634338695149807074e-04
4.465393049984570746e-04
