3.474161177225904332e-05
3.120484768290711308e+00
8.208775368525414202e-05
4.617176666920555853e-03
9.601560728283005386e-03
9.184015669774271435e-04
8.030685298606485972e-03
5.071053748086759051e-03
1.299636410539863453e-04
1.432311757477068451e-04
2.600774362858851831e-04
5.019868758048996868e-04
5.796732476112045754e-05
1.605424333009932564e-02
1.046588296505308706e-02
1.452283831284858530e-02
4.924255272382104497e-03
8.352132870743739224e-03
1.167274142021991305e-02
1.035850082165886921e+00
1.101945601295332811e+00
6.418021458824575004e-04
1.355278089722717228e-03
3.002329035867917773e-01
1.825727377901106147e-02
4.771144476297745074e-01
1.324525662601161230e-03
7.113535658902606779e-03
8.552850927567943323e-03
3.646468539959369509e-02
1.611028943586327034e-01
7.392291095279995101e-04
2.564342820272397152e-03
4.348858223634824438e-02
8.438845231012290129e-05
1.279954212832465658e-04
1.100621040929170296e-04
8.314494461994451413e+00
6.082280376713401493e-01
6.877329715729801896e-01
1.995915044852246065e-03
9.475812077087006824e-04
6.491392131299214899e-03
9.796196202720612936e-04
1.639521890410502612e-03
1.180835248656044708e-04
3.333999385333785205e-04
9.522441248632074326e-05
8.986461794571707642e-05
4.094389197305340613e-04
6.511208184980572409e-05
1.853263294944647332e-04
2.870626924691251558e-04
1.107393125810194213e-03
4.075444934017541376e-01
1.215800558452468684e-03
2.193234095246185357e-04
1.870160007314788150e-04
1.216673483299252762e-03
1.827585739923705483e-04
6.154576267799714839e-04
1.643597710037417281e+00
6.655767843311206390e-05
8.367021425684536922e-05
9.306796927278507877e-04
7.748529646205771007e-05
5.726538017878480581e-03
4.110304146421871890e-02
2.899394722734564161e-04
9.259456859654761047e-06
