6.819215192329188598e-05
1.878429975982478961e+00
5.314318183440172534e-05
3.149373842132441922e-03
6.751809162726498184e-03
1.603727700652199774e-03
6.147098723264085053e-03
9.870126055606714879e-04
8.970007048363306146e-05
8.308841243812850521e-05
1.265359397330567996e-04
1.638263444760565391e-04
4.681134879971441542e-05
1.636278217682832561e-02
9.838756185909174057e-03
4.333998677414949152e-03
2.941279513527560521e-03
1.133681107793883119e-02
2.384757035165222232e-03
1.924113349185229262e-04
4.980950637214249946e-04
7.816336746716300889e-04
8.092776634526678689e-04
1.493263114454462248e-01
1.417544210035341645e-02
3.015721290248656872e-01
5.874313258969552764e-04
2.910874717656698318e-03
1.915883337128700473e-02
3.366827156047205727e-02
8.480911680842775219e-03
4.820364452103214400e-04
2.164515458595714457e-03
1.502480822659056914e-01
7.326288723177211827e-05
1.197308382963600565e-04
1.303880301525240856e-04
1.406154701447033162e+01
1.066554504775383982e+01
6.655033104177197067e-01
8.699169376979217893e-04
3.036557881683359409e-04
3.963866342660862276e-03
5.663460431572099173e-04
8.283413453243120006e-03
8.882805719873601992e-05
2.346917765328190375e-04
3.531414236592823647e-04
9.523342507494120311e-05
2.447761473772844102e-04
4.091628011447873749e-05
1.549652121328371390e-04
4.659945699141526112e-04
6.457899852711727201e-04
3.901832000398199884e-01
6.455393106115862433e-04
5.097337700645740172e-04
1.839838994182272909e-04
4.359369502410966870e-04
9.424114627077822594e-05
4.920096111291472453e-04
1.910910498031333615e+00
5.253345888079705562e-05
1.378691581166414883e-04
9.601741430152960569e-04
4.085976403882352428e-05
5.898690147195245065e-02
1.428775289475115937e-02
1.252772123750192906e-03
8.339190939521523962e-04
