1.333304210571312765e-01
2.990587601984809112e+02
2.182383461274244388e-02
8.895763088267423235e-01
9.465095367381843872e-01
1.605986592451397882e-02
1.468544439186276307e+00
7.562294254472616828e-01
4.582875691194312928e+00
4.817152448343530596e-02
5.296849117715626276e-01
2.385547178836964211e-01
4.736215197407710242e+00
1.611181971033698312e+00
9.951608124783750675e-01
5.710287625882472184e+00
1.822042754961478606e+00
2.957242978046622728e+00
6.786886417191179133e-01
1.380959622184345204e+00
1.864425905278675600e+03
1.747444546829826306e+00
1.418966301343890679e+00
6.693787605440386645e-01
2.477465680436231388e+00
7.356724770896100551e+00
6.392703568181804519e-01
6.390103808569271848e-01
2.223387907982266321e-01
7.854861911313653078e-01
5.120001613749707303e-01
7.541990345114863992e-01
2.403241773495929101e-01
4.756602816782748988e+00
5.266201929513016772e-03
2.109807207000305163e-01
2.166144083705848211e-02
2.425361119284564211e+02
1.024089441277185131e+02
1.888753334492867850e+02
4.072317108237708538e-01
6.104735864205516060e-01
5.066980713497361288e-02
5.466463186337063712e-02
3.002414376744571567e-01
1.111867958953866475e+00
7.725200982395393975e-03
5.950895934471529120e-03
8.788073001493751715e-03
1.547167000223948208e-01
4.199493295946051807e-01
3.402573950114529816e-02
2.193956146332509682e-01
1.089273118036989674e-01
6.212636755255414478e+00
1.364894977964148381e+00
2.478550227788738070e-01
3.871500117782924910e+00
9.356640201971420101e-01
3.287858114543393828e-01
4.872019529481741440e-01
9.442608995540912531e+01
9.649482875196937925e+00
5.699811188608937540e-01
7.231009361829651705e-02
9.206206144415847170e-01
1.051088327233584870e-02
1.535136315432595211e+00
6.466740806595432101e-02
4.228675919676309208e-02
