1.049243759320339295e-05
4.557888445720422767e-03
1.921055681376867083e-05
7.198968161120195778e-04
1.645766469317223963e-05
3.949202202201791624e-04
8.110109113053086427e-05
1.133593430101317558e-05
1.226959262099397213e-05
2.941494744558455888e-05
2.669628522430405801e-05
1.947046067741986804e-05
9.834523594826764575e-06
3.498475207896093809e-04
2.546321207649647304e-04
7.445588640230983300e-05
2.080479679289574122e-04
3.323952804380770894e-04
1.080657824761439758e-03
2.932899329827516090e-03
4.392720996781696724e-02
5.718679222550238604e-04
5.223181458605393270e-05
2.439522811228677398e-04
9.824928864076466761e-04
6.603550564973592564e-04
5.458586173110597769e-04
5.802342505239355418e-05
9.208378509979548365e-05
3.446872285719258279e-03
1.383111833092992397e-03
8.283738868903995863e-06
3.916910280754163417e-04
2.213155556353267684e-05
1.745167667748154429e-05
1.219399738453911814e-05
1.541168572453025751e-05
9.948853281559770414e-04
1.513179845884248323e-02
9.701930282224637128e-06
6.445578079739168595e-05
1.464942393513160434e-05
1.650176250773319588e-04
1.433519256419280464e-04
1.181667853918345147e-04
1.433061146933195354e-05
1.323645268484172641e-05
4.331933877614936883e-05
9.442825671483065522e-06
9.170235278979367273e-05
5.175847446454300715e-05
4.538488766946336497e-06
8.920346559262447202e-06
1.376887797446186808e-03
9.050793164727846094e-06
2.001839864712413132e-05
7.562330115332495156e-05
1.575890522097477133e-05
1.427712921083100668e-04
1.005583351013921933e-05
1.861055796001181116e-05
9.202282103230174378e-06
1.622259713633869555e-05
8.850038145586512463e-06
1.936310351521020848e-04
1.976788764831075961e-05
9.839199043191471095e-03
1.614574520428249769e-06
1.069588188749080824e-04
8.268490113590504708e-04
