3.145311995083294545e-04
4.274813815741224272e-03
2.221826667205896205e-04
6.049092078433140895e-03
4.925941784075795696e-04
1.829482005667322627e-03
1.593861026757805843e-03
8.495058633267509821e-04
2.982458291861444849e-04
2.894370772979861276e-04
8.456178658592316058e-03
2.352807684380666612e-04
6.708533063131092182e-04
2.278469433900135246e-02
4.571680113441404548e-03
7.655047456791512061e-04
8.060951241326141806e-04
1.859965890283700593e-03
4.434296106347272899e-03
1.115015241156342958e-03
3.310703904741660319e-01
3.750664631127519511e-03
3.590191226863800270e-03
2.724048251050519009e-02
8.689756635716741270e-03
1.638539082171710246e-03
3.323217377411258984e-04
1.251101437676308079e-03
9.319542194755111447e-04
1.345803091565671294e-03
3.078453252843444191e-03
1.931661929653993696e-04
7.584466799859606277e-04
3.485694479919013503e-04
1.308949453806501986e-04
4.545133314197580959e-04
1.472336489868150309e-04
3.341729152272358231e-03
1.208685603006548264e-03
4.683200151675439129e-04
9.838743795044578404e-04
5.094576195804252985e-03
1.026026567230130769e-02
2.285346899229603326e-04
5.643985375287731464e-04
2.833503195561275201e-04
1.239808255410069626e-04
1.003209010375785432e-03
1.367282213163929696e-03
7.227145492602466120e-04
1.316299253655952954e-03
1.286084203022658907e-04
1.451164139499970128e-04
3.388329670990448326e-05
1.885735360113032801e-04
2.100648434245425415e-04
1.647390736652841144e-04
2.731426954362104983e-04
4.091570105272138657e-04
2.537438958851861992e-04
1.952151597906502960e-04
9.552194956221623330e-05
1.005147653700556214e-03
1.621464647807155173e-04
7.031143290265245765e-04
2.763630411892963414e-04
1.005950535679651404e-02
6.179827884762607295e-04
1.540832010702110431e-03
4.258176661618187121e-03
