1.392452284659861754e-02
2.664964997302751826e+01
4.228235366638905326e-03
1.424527505508271785e-01
1.510700454419487138e-01
2.331557787354489059e-03
1.494838897806264610e-01
9.030034768143332946e-02
7.284203220317549965e-01
1.805587675719169845e-03
6.301517347476565112e-02
2.232864936133464526e-02
1.695924186736628148e+00
4.018698327129004433e-01
2.378080941634568013e-01
3.084867540491696425e-01
1.919908682196294625e-01
9.730905073652841575e-02
1.434756603187943014e-01
1.658221330763877399e-01
2.904702367448801681e+01
1.063616109549446603e-01
2.225959899423713695e-01
2.458479670770578329e-01
8.711154651482989619e-01
2.293449165320292860e+00
9.716940590273202838e-02
6.376293660114266959e-02
8.308246343566459691e-02
1.360493937341457904e-01
2.677384760740664782e-01
7.170588592637250347e-02
3.522028568308107482e-02
6.866618100985363293e-01
1.325752420989493620e-03
3.891349494109384854e-02
1.499382485554739269e-03
2.141663745888023485e+01
3.099711602467785099e+01
1.480956784558095940e+01
2.698448968770374504e-02
8.134094512108232256e-02
3.421869226799148511e-02
6.128046488637401215e-03
1.877479177119851725e-02
1.692816414507780365e-01
5.249395095408051701e-03
3.404390324833210437e-03
1.296100147516414738e-02
2.394509065209919629e-02
2.365543918841138057e-02
4.426706114802478158e-03
2.525288279174396980e-02
1.719593104238995723e-02
2.020724145132429150e+00
2.234681186282352905e-01
8.849340129916508091e-02
1.213443443290717294e+00
1.210242206013077831e-01
7.401384800013985354e-02
1.212700941744769695e-01
1.163547351339995828e+01
2.204459152825533064e+00
3.922737535724361152e-02
5.160980974777396729e-03
7.331574968798194869e-02
1.891351932632802726e-02
2.341531333774310442e-01
5.394676849121968210e-03
4.162694497756879754e-03
