2.184859833038185024e-04
5.917003229815522188e-04
1.499866222623980538e-03
4.434225650145239890e-05
2.316953920787380872e-03
1.495736223529170981e-03
2.793352197227942342e-04
1.015561919600810759e-03
1.509075962363863913e-04
2.186591241281113894e-04
2.820171782053309921e-04
1.672551747015732461e-04
1.807836039896125902e-04
3.436447637810183166e-03
7.955764232069914652e-04
8.501378811221121934e-03
3.477129621351497842e-03
1.965587025100453550e-02
8.062207275448331515e-04
1.021395909914015040e-03
3.757562867960483333e-01
3.351241856153662968e-04
1.022931868638914631e-03
1.756882139933620829e-02
2.175239037053632984e-03
8.693242005569232688e-04
1.038871931205529592e-03
1.881975013570458917e-03
2.271787080721656294e-03
1.181391082550002289e-02
8.919947351913956211e-04
1.221084742621453582e-03
1.376486128577599367e-04
4.248933921838338288e-04
3.260385020777119367e-03
9.584281747759727397e-05
1.671745404066610988e-03
2.615201181125993701e-03
1.003603479920656431e-03
2.797194601804478022e-03
2.597557051438935481e-03
1.245494114199813436e-03
9.268141176558725462e-04
9.867020472288838898e-04
1.361936675581909865e-03
1.508268356027766784e-04
2.365402383444284527e-03
2.998313986256385868e-03
6.667603672808295216e-04
2.164609181004597497e-04
2.650835535730971344e-04
1.349262632938209167e-03
1.294640824414245697e-04
5.809743350867152632e-04
8.343002184350936125e-05
7.474757368805354533e-05
2.977660193875767032e-04
2.723208926631012555e-04
1.441655933136640460e-03
2.912214789708357943e-04
1.648218639995315058e-04
1.350232939767923566e-04
1.509449916724841438e-04
6.179058137464532780e-05
1.341046451765497225e-03
1.514597533237926159e-04
1.010457888765361502e-02
2.047919691107724476e-03
6.206900062951328616e-03
6.239215685421071675e-03
