4.569579457815491563e-05
4.263802559496080447e-01
2.014520050301559905e-03
1.735297117075794112e-04
4.141373870630316034e-02
6.102439989452578331e-03
9.496632819110326627e-05
6.868503187915217002e-03
8.290672896647199267e-05
4.619454164508788371e-05
1.408423389378834470e-04
2.006448812495927340e-04
6.061718273299443200e-05
9.052560005288737190e-04
1.500117766461482420e-02
5.441246399635256414e-02
6.389213893632077201e-02
2.473842674271273874e-04
3.856824462874594572e-02
8.218353115065417337e-04
3.615024092415641821e-01
4.770628852779262635e-04
6.234797793956124712e-02
1.393187802362235717e-01
8.586664532170280861e-02
3.357718336591460767e-02
5.709977356258622624e-04
6.250455730973542012e-02
3.871710225198546438e-03
2.500918106544798569e-02
1.097541638827179145e-01
8.667520304918217800e-04
5.306028914024488435e-04
2.270808999190283926e-03
2.365331629558581783e-04
9.610097592367877522e-05
8.449767115809630937e-04
7.954441995432816326e-02
9.613439831216009923e-02
1.188810590658597732e-01
2.501402945612144369e-04
8.414301774253280094e-04
4.631649582932256988e-03
3.110838039367182792e-04
6.179449476655607615e-04
1.436419061737734585e-04
1.447655611866245282e-04
4.519190735107910493e-03
3.973646980990732172e-04
1.277437510002068057e-04
4.181359763294202310e-04
5.372882772271345012e-04
1.251091081118875905e-04
7.944527886894049359e-03
8.136621187181298804e-05
1.412740760096655650e-04
5.144224310060417854e-04
9.609327224721987465e-05
2.734665997310115298e-04
4.244548841136271561e-05
6.246638658869921182e-05
1.056968645171416841e-04
4.185651044135566733e-05
2.711855970904181645e-05
3.547311611160529560e-04
3.145829061199314521e-05
1.725247153109746995e-02
2.353653359962824669e-04
6.110518610271322305e-04
1.720759669257754124e-03
