1.993102671807881199e-01
3.944711994065880134e+00
5.947307669325370937e-03
3.588445772107340392e-02
1.436133650371050098e-02
9.778056197783881534e-03
5.441647301071940168e-01
2.421908224114413255e-01
2.894543973517817559e+00
3.299911915406252699e-02
7.273885934059157732e-01
1.688576355031252280e-02
2.912843606802112628e+00
5.179642989324065999e-02
4.768080728928925094e-02
1.031988504493823872e-01
3.689114834432968143e-02
2.790215788739244251e-01
3.702026664340082179e-02
5.425457672935556364e-01
4.181997126822927791e-01
4.593053074670964964e-02
1.947590334434162740e-01
2.458258837985232426e-01
3.701805428293412220e-02
2.248824323245182111e+00
6.059108429052065814e-01
1.403049299582315688e-02
1.631286502613689682e-01
1.045590874287735117e-01
2.335249588880649110e-02
2.752833246846768042e-02
2.067441352431868828e-01
3.713037599726674576e-01
1.809138458398891827e-03
2.584856961476864230e-03
2.254868502143827103e-03
1.384453322694199606e+01
9.772375484459956685e-02
8.270044042300877862e+00
1.695877648283917669e-02
1.358424886011581068e-01
4.756878348593483047e-03
5.762578834201828246e-03
1.429284575575770835e-02
1.414905914395228725e+00
2.371337987310200447e-03
2.185062112739224408e-03
4.343704284875662437e-03
5.732846064919346583e-03
7.579202667751820666e-02
2.291249156734721532e-03
1.780708232463208175e-03
5.738911393079275045e-03
4.987901860710676871e+00
6.463891132783288959e-03
6.349600311176228917e-01
3.333565508078542461e+00
1.785586572946851538e-02
2.501053784632037771e-03
9.543463780537978294e-03
4.973712408157620501e+00
3.019561340176217801e+00
1.714161067215267059e-03
2.790260456904286677e-03
1.517181730165094661e-03
5.088496876639408278e-02
7.610051181825333577e-01
2.658559494447251814e-02
6.637022292327213017e-03
