1.223680634087446345e-02
1.372801952123156068e-02
5.666484448323574723e-04
3.724981669825134199e-03
9.808052213054650140e-04
1.239136836160621181e-02
8.360161634606341069e-03
2.002655498295620104e-02
1.610640990497425734e-02
2.004949253978826826e-02
2.544828548504467561e-02
2.880619356618397634e-03
2.152163669658109860e-02
5.434172406305261271e-03
4.302480975235287511e-03
2.631654497514281273e-03
3.964383968730328736e-03
1.859998285557328684e-02
7.717526012945313818e-03
2.625442614162079233e-03
1.291733509606563142e-02
5.672942460534213457e-03
2.292527262560655615e-02
2.035585402651643450e-02
1.144770684114568976e-02
2.279742015076834452e-02
1.680469051070768854e-02
1.607597586814550400e-03
5.241445554050554526e-03
9.928201829529357744e-03
1.154857069195067013e-03
1.996601650426736967e-03
2.188781847764459648e-03
8.216251407482432281e-03
4.319045111348632660e-04
2.195649008171251474e-03
1.123819240701050314e-03
7.158053553828910842e-02
4.097587965808925647e-03
9.716562284301451941e-03
2.388035672741883626e-03
6.247656821645397422e-03
1.527681098631164134e-03
1.991164369698164138e-03
1.806561993619916961e-03
1.386815164466005668e-02
7.442935606290366135e-04
2.724658876741579755e-04
7.524347477320166705e-04
4.561157058082057972e-03
2.895940310260114534e-03
4.095751429513823068e-04
1.476792548303220961e-03
7.193476218627277170e-04
1.267439385813929481e-02
2.088536043261242890e-03
2.086207517797179778e-02
2.692330068472195692e-02
2.090323324237264475e-03
4.001523586770246860e-03
1.616577249729711204e-03
1.073913257319039811e-02
2.612298068152609648e-02
1.498379515864012518e-03
8.903405923464417435e-04
2.182200404082580356e-03
9.402595568579853041e-03
5.939104255706680394e-03
5.066330287216849228e-03
1.106162316119031069e-03
