301965.113114
186059.732268
9263.846711
7241.103726
2133.504337
1903.732295
781.320710
737.817421
597.588109
393.066909
345.058424
306.794444
287.253694
256.635106
218.030237
191.789522
173.157520
166.062561
131.908325
116.957439
86.634388
80.368915
77.205813
73.410399
65.578506
61.644804
58.049736
47.281713
42.937337
39.849676
37.186835
35.593826
32.991619
32.009656
31.583117
30.675172
29.918252
25.709890
22.834395
21.027252
19.750122
19.482117
18.562952
18.455377
17.896378
17.403857
16.875785
16.186344
15.638117
14.806722
13.150614
13.078894
12.337035
10.722138
10.508873
9.911926
9.872698
9.511991
9.296212
9.033366
8.372755
8.332403
7.699755
7.450941
6.920516
6.857003
6.390080
6.248764
6.175891
6.076467
5.733385
5.432073
5.298213
4.964033
4.716960
4.619054
4.438098
4.356528
4.206754
4.085095
4.045739
3.757389
3.727104
3.690061
3.552694
3.512338
3.463634
3.351768
3.207562
3.193625
3.013635
2.977971
2.939731
2.805591
2.755835
2.728806
2.603434
2.511448
2.429762
2.288883
2.230521
2.144527
2.119257
2.083944
2.041542
1.955524
1.908104
1.867431
1.847928
1.764800
1.727283
1.703298
1.687387
1.641697
1.615302
1.603529
1.581174
1.555352
1.526635
1.490677
1.431688
1.412010
1.323690
1.317073
1.267410
1.242203
1.222436
1.182704
1.172880
1.161154
1.134462
1.127607
1.099796
1.067161
1.044413
1.029568
1.022417
0.988785
0.982124
0.947359
0.941955
0.897265
0.895816
0.869997
0.867824
0.840561
0.833979
0.811364
0.795872
0.788929
0.778933
0.760096
0.748940
0.736536
0.719353
0.706712
0.687720
0.678161
0.669691
0.656931
0.643653
0.632455
0.622972
0.605052
0.599492
0.586827
0.581449
0.576603
0.567553
0.556788
0.548031
0.536368
0.529333
0.519779
0.514212
0.507592
0.504454
0.490253
0.484758
0.479810
0.468013
0.460028
0.455738
0.451146
0.445718
0.440241
0.425484
0.420362
0.417016
0.404915
0.400780
0.395485
0.387363
0.380488
0.378684
0.375819
0.371548
0.364779
0.358035
0.354517
0.351460
0.347529
0.343293
0.336659
0.330683
0.326423
0.317920
0.315534
0.310754
0.308992
0.307386
0.305731
0.297374
0.292846
0.290831
0.283507
0.279030
0.277883
0.269808
0.266364
0.264322
0.261564
0.258119
0.254116
0.251519
0.248771
0.243856
0.240254
0.238149
0.236689
0.234026
0.231204
0.227131
0.225862
0.223329
0.222436
0.220395
0.217032
0.215720
0.211378
0.209283
0.206090
0.201040
0.200343
0.196761
0.195454
0.194785
0.191006
0.188873
0.187728
0.187244
0.183338
0.182659
0.179474
0.177530
0.176054
0.174827
0.171686
0.170539
0.167985
0.164833
0.164551
0.162649
0.161316
0.159603
0.157632
0.155583
0.154331
0.153217
0.152072
0.150757
0.147882
0.146647
0.144023
0.143251
0.140612
0.137041
0.136519
0.134712
0.133092
0.132689
0.131216
0.128791
0.127091
0.124631
0.124350
0.123063
0.122156
0.120108
0.119756
0.119198
0.118295
0.116110
0.115293
0.114549
0.113065
0.112080
0.111840
0.110020
0.109027
0.107875
0.106525
0.104668
0.103800
0.103044
0.101547
0.100724
0.099435
0.098782
0.097639
0.097391
0.095993
0.094566
0.093919
0.093785
0.093002
0.092440
0.091116
0.090259
0.089564
0.088841
0.087427
0.086754
0.085649
0.084602
0.084403
0.083983
0.083187
0.083066
0.081724
0.080857
0.080621
0.079318
0.078789
0.078092
0.077071
0.076112
0.075838
0.075188
0.074532
0.074006
0.072769
0.072008
0.071654
0.071141
0.070169
0.069801
0.068728
0.067559
0.067452
0.066979
0.066083
0.065738
0.065240
0.064752
0.064550
0.063780
0.062868
0.062248
0.061794
0.061682
0.060953
0.060523
0.059599
0.059159
0.058908
0.058094
0.057439
0.057273
0.057029
0.056659
0.056050
0.055735
0.055089
0.054734
0.054213
0.053836
0.053561
0.052559
0.052193
0.051919
0.051538
0.051311
0.050907
0.050145
0.050028
0.049311
0.049025
0.048678
0.048371
0.048058
0.047862
0.047259
0.046771
0.046682
0.046017
0.045720
0.045325
0.044981
0.044272
0.044039
0.043487
0.043414
0.042954
0.042717
0.042421
0.042066
0.041534
0.041185
0.040952
0.040726
0.040317
0.039907
0.039494
0.039226
0.038777
0.038646
0.038413
0.038096
0.037803
0.037441
0.037305
0.037011
0.036794
0.036478
0.036124
0.035878
0.035241
0.035109
0.034920
0.034736
0.034575
0.034313
0.033998
0.033815
0.033670
0.033299
0.032970
0.032583
0.032409
0.032360
0.032043
0.031769
0.031656
0.031279
0.030928
0.030774
0.030578
0.030129
0.029991
0.029481
0.029209
0.029100
0.028804
0.028552
0.028452
0.028112
0.028031
0.027734
0.027574
0.027476
0.027227
0.027041
0.026939
0.026643
0.026469
0.026356
0.026257
0.026075
0.025671
0.025578
0.025324
0.025203
0.025084
0.024872
0.024743
0.024554
0.024234
0.024108
0.023938
0.023806
0.023614
0.023499
0.023388
0.023163
0.023056
0.022971
0.022788
0.022422
0.022224
0.022042
0.021887
0.021844
0.021720
0.021502
0.021445
0.021370
0.021288
0.021160
0.020904
0.020807
0.020680
0.020403
0.020235
0.020141
0.019876
0.019865
0.019745
0.019457
0.019358
0.019235
0.019099
0.018961
0.018929
0.018779
0.018660
0.018532
0.018477
0.018426
0.018240
0.018078
0.018019
0.017796
0.017668
0.017626
0.017597
0.017519
0.017394
0.017374
0.017227
0.017190
0.017054
0.016932
0.016804
0.016599
0.016476
0.016329
0.016312
0.016187
0.016082
0.016024
0.015924
0.015745
0.015676
0.015633
0.015466
0.015309
0.015177
0.015159
0.015080
0.015046
0.014882
0.014858
0.014730
0.014599
0.014548
0.014366
0.014163
0.014123
0.014076
0.013962
0.013782
0.013733
0.013717
0.013629
0.013583
0.013409
0.013357
0.013290
0.013217
0.013091
0.013004
0.012965
0.012805
0.012782
0.012743
0.012651
0.012530
0.012479
0.012466
0.012421
0.012333
0.012263
0.012231
0.012089
0.012004
0.011972
0.011857
0.011771
0.011711
0.011705
0.011690
0.011580
0.011542
0.011430
0.011326
0.011258
0.011175
0.011136
0.011016
0.010989
0.010960
0.010923
0.010805
0.010765
0.010612
0.010574
0.010513
0.010456
0.010285
0.010256
0.010229
0.010205
0.010114
0.010044
0.009976
0.009963
0.009872
0.009868
0.009794
0.009783
0.009695
0.009634
0.009522
0.009452
0.009417
0.009332
0.009307
0.009185
0.009160
0.009110
0.009057
0.008978
0.008972
0.008914
0.008890
0.008863
0.008814
0.008775
0.008725
0.008642
0.008622
0.008601
0.008553
0.008491
0.008447
0.008381
0.008337
0.008295
0.008199
0.008182
0.008137
0.008095
0.008055
0.008034
0.008019
0.007991
0.007930
0.007923
0.007803
0.007758
0.007739
0.007701
0.007637
0.007616
0.007556
0.007524
0.007501
0.007456
0.007417
0.007362
0.007315
0.007267
0.007251
0.007199
0.007116
0.007088
0.007060
0.007012
0.007000
0.006931
0.006902
0.006859
0.006826
0.006806
0.006766
0.006710
0.006643
0.006630
0.006598
0.006584
0.006552
0.006514
0.006486
0.006439
0.006396
0.006345
0.006309
0.006279
0.006267
0.006228
0.006180
0.006130
0.006112
0.006098
0.006069
0.006023
0.006021
0.006008
0.005972
0.005926
0.005907
0.005877
0.005856
0.005812
0.005805
0.005800
0.005726
0.005714
0.005653
0.005616
0.005598
0.005565
0.005550
0.005503
0.005448
0.005435
0.005389
0.005376
0.005346
0.005328
0.005291
0.005276
0.005263
0.005228
0.005195
0.005174
0.005132
0.005103
0.005088
0.005067
0.005055
0.005038
0.005003
0.004990
0.004954
0.004945
0.004917
0.004868
0.004845
0.004800
0.004785
0.004769
0.004733
0.004731
0.004727
0.004684
0.004678
0.004639
0.004614
0.004587
0.004542
0.004507
0.004489
0.004472
0.004458
0.004432
0.004414
0.004405
0.004397
0.004371
0.004326
0.004300
0.004284
0.004275
0.004251
0.004220
0.004193
0.004176
0.004134
0.004118
0.004112
0.004106
0.004061
0.004051
0.004041
0.004012
0.003997
0.003971
0.003943
0.003937
0.003922
0.003906
0.003891
0.003877
0.003845
0.003833
0.003813
0.003803
0.003773
0.003755
0.003721
0.003716
0.003698
0.003679
0.003666
0.003629
0.003618
0.003597
0.003586
0.003569
0.003551
0.003534
0.003531
0.003501
0.003486
0.003462
0.003445
0.003440
0.003427
0.003410
0.003399
0.003388
0.003369
0.003355
0.003347
0.003323
0.003310
0.003286
0.003260
0.003234
0.003226
0.003221
0.003199
0.003186
0.003171
0.003169
0.003161
0.003136
0.003123
0.003092
0.003086
0.003074
0.003054
0.003052
0.003044
0.003015
0.003011
0.002989
0.002976
0.002967
0.002947
0.002938
0.002931
0.002921
0.002904
0.002888
0.002863
0.002855
0.002846
0.002844
0.002830
0.002824
0.002793
0.002770
0.002767
0.002754
0.002736
0.002727
0.002701
0.002691
0.002676
0.002662
0.002650
0.002645
0.002637
0.002628
0.002614
0.002610
0.002600
0.002596
0.002583
0.002559
0.002549
0.002540
0.002531
0.002519
0.002514
0.002504
0.002502
0.002492
0.002486
0.002465
0.002458
0.002456
0.002435
0.002428
0.002417
0.002400
0.002397
0.002378
0.002368
0.002364
0.002356
0.002350
0.002330
0.002322
0.002308
0.002307
0.002293
0.002286
0.002269
0.002255
0.002248
0.002243
0.002232
0.002217
0.002203
0.002192
0.002189
0.002186
0.002177
0.002159
0.002152
0.002145
0.002136
0.002129
0.002125
0.002116
0.002105
0.002094
0.002074
0.002071
0.002066
0.002061
0.002041
0.002026
0.002020
0.002012
0.002004
0.002000
0.001995
0.001986
0.001972
0.001971
0.001960
0.001949
0.001937
0.001933
0.001922
0.001920
0.001915
0.001894
0.001886
0.001881
0.001873
0.001865
0.001851
0.001850
0.001843
0.001839
0.001828
0.001823
0.001814
0.001805
0.001801
0.001786
0.001781
0.001773
0.001763
0.001758
0.001747
0.001741
0.001729
0.001726
0.001719
0.001717
0.001710
0.001705
0.001695
0.001689
0.001679
0.001670
0.001667
0.001661
0.001651
0.001636
0.001630
0.001628
0.001619
0.001608
0.001605
0.001597
0.001590
0.001586
0.001580
0.001568
0.001562
0.001561
0.001558
0.001550
0.001545
0.001541
0.001539
0.001535
0.001525
0.001518
0.001513
0.001508
0.001505
0.001493
0.001493
0.001486
0.001479
0.001472
0.001464
0.001462
0.001459
0.001445
0.001438
0.001433
0.001430
0.001428
0.001414
0.001412
0.001403
0.001393
0.001389
0.001383
0.001379
0.001373
0.001366
0.001365
0.001361
0.001360
0.001346
0.001338
0.001336
0.001334
0.001329
0.001326
0.001317
0.001314
0.001312
0.001303
0.001298
0.001293
0.001289
0.001281
0.001280
0.001278
0.001272
0.001268
0.001264
0.001257
0.001251
0.001247
0.001240
0.001236
0.001232
0.001228
0.001221
0.001218
0.001210
0.001207
0.001202
0.001197
0.001192
0.001187
0.001180
0.001178
0.001172
0.001165
0.001162
0.001155
0.001153
0.001150
0.001148
0.001138
0.001136
0.001133
0.001128
0.001125
0.001122
0.001117
0.001113
0.001107
0.001099
0.001095
0.001090
0.001088
0.001081
0.001076
0.001072
0.001067
0.001060
0.001058
0.001056
0.001052
0.001044
0.001040
0.001035
0.001034
0.001029
0.001027
0.001025
0.001020
0.001015
0.001008
0.001007
0.001004
0.001000
0.000996
0.000994
0.000988
0.000985
0.000982
0.000978
0.000973
0.000968
0.000966
0.000962
0.000959
0.000957
0.000952
0.000949
0.000945
0.000941
0.000934
0.000933
0.000929
0.000927
0.000921
0.000920
0.000918
0.000913
0.000907
0.000904
0.000903
0.000899
0.000896
0.000892
0.000887
0.000883
0.000882
0.000881
0.000879
0.000875
0.000874
0.000864
0.000863
0.000862
0.000859
0.000856
0.000853
0.000848
0.000846
0.000845
0.000840
0.000836
0.000833
0.000831
0.000825
0.000824
0.000821
0.000817
0.000816
0.000811
0.000804
0.000801
0.000798
0.000797
0.000796
0.000794
0.000791
0.000787
0.000783
0.000781
0.000780
0.000776
0.000773
0.000769
0.000765
0.000764
0.000762
0.000759
0.000756
0.000755
0.000750
0.000749
0.000743
0.000742
0.000739
0.000737
0.000735
0.000732
0.000728
0.000725
0.000721
0.000719
0.000716
0.000714
0.000712
0.000710
0.000705
0.000703
0.000699
0.000697
0.000695
0.000693
0.000691
0.000691
0.000688
0.000683
0.000681
0.000680
0.000678
0.000672
0.000672
0.000671
0.000667
0.000664
0.000662
0.000660
0.000658
0.000654
0.000652
0.000651
0.000649
0.000644
0.000643
0.000639
0.000638
0.000635
0.000634
0.000631
0.000630
0.000628
0.000623
0.000621
0.000619
0.000617
0.000614
0.000611
0.000610
0.000609
0.000607
0.000604
0.000603
0.000602
0.000598
0.000594
0.000593
0.000592
0.000590
0.000587
0.000584
0.000580
0.000580
0.000576
0.000575
0.000574
0.000572
0.000568
0.000566
0.000564
0.000564
0.000562
0.000559
0.000557
0.000554
0.000553
0.000551
0.000550
0.000548
0.000547
0.000543
0.000542
0.000538
0.000537
0.000535
0.000534
0.000529
0.000529
0.000528
0.000525
0.000522
0.000519
0.000519
0.000516
0.000514
0.000513
0.000512
0.000510
0.000509
0.000507
0.000503
0.000502
0.000501
0.000499
0.000498
0.000495
0.000493
0.000492
0.000490
0.000488
0.000487
0.000485
0.000484
0.000482
0.000482
0.000480
0.000478
0.000476
0.000474
0.000473
0.000471
0.000469
0.000466
0.000465
0.000461
0.000461
0.000459
0.000457
0.000457
0.000456
0.000455
0.000454
0.000451
0.000449
0.000449
0.000447
0.000446
0.000445
0.000443
0.000440
0.000438
0.000438
0.000437
0.000436
0.000434
0.000433
0.000432
0.000431
0.000429
0.000427
0.000423
0.000422
0.000420
0.000420
0.000418
0.000417
0.000415
0.000414
0.000414
0.000412
0.000411
0.000410
0.000409
0.000406
0.000404
0.000403
0.000402
0.000400
0.000398
0.000398
0.000396
0.000395
0.000394
0.000392
0.000391
0.000390
0.000387
0.000386
0.000385
0.000383
0.000383
0.000382
0.000380
0.000380
0.000379
0.000376
0.000375
0.000374
0.000374
0.000373
0.000371
0.000369
0.000367
0.000367
0.000366
0.000365
0.000363
0.000362
0.000361
0.000359
0.000358
0.000356
0.000355
0.000355
0.000352
0.000352
0.000351
0.000349
0.000348
0.000347
0.000344
0.000344
0.000344
0.000343
0.000341
0.000341
0.000340
0.000339
0.000337
0.000336
0.000335
0.000335
0.000334
0.000333
0.000331
0.000330
0.000328
0.000328
0.000327
0.000325
0.000325
0.000323
0.000323
0.000322
0.000321
0.000320
0.000318
0.000318
0.000318
0.000314
0.000313
0.000313
0.000311
0.000310
0.000309
0.000308
0.000307
0.000306
0.000306
0.000305
0.000303
0.000303
0.000302
0.000302
0.000301
0.000298
0.000297
0.000296
0.000295
0.000294
0.000294
0.000292
0.000291
0.000290
0.000290
0.000288
0.000288
0.000286
0.000285
0.000285
0.000283
0.000283
0.000282
0.000281
0.000280
0.000279
0.000278
0.000277
0.000276
0.000275
0.000275
0.000273
0.000273
0.000273
0.000271
0.000270
0.000269
0.000267
0.000267
0.000266
0.000265
0.000265
0.000265
0.000263
0.000263
0.000261
0.000261
0.000260
0.000259
0.000258
0.000258
0.000257
0.000255
0.000255
0.000254
0.000254
0.000252
0.000252
0.000251
0.000250
0.000249
0.000248
0.000247
0.000246
0.000246
0.000246
0.000244
0.000244
0.000243
0.000242
0.000241
0.000241
0.000240
0.000239
0.000237
0.000237
0.000237
0.000236
0.000234
0.000233
0.000232
0.000232
0.000232
0.000231
0.000230
0.000229
0.000228
0.000227
0.000226
0.000226
0.000225
0.000225
0.000224
0.000224
0.000223
0.000222
0.000221
0.000220
0.000220
0.000219
0.000218
0.000217
0.000216
0.000215
0.000215
0.000215
0.000213
0.000213
0.000213
0.000211
0.000211
0.000210
0.000210
0.000209
0.000208
0.000208
0.000207
0.000207
0.000206
0.000205
0.000204
0.000204
0.000203
0.000202
0.000201
0.000201
0.000200
0.000200
0.000199
0.000199
0.000198
0.000197
0.000197
0.000196
0.000196
0.000195
0.000195
0.000194
0.000194
0.000193
0.000192
0.000192
0.000191
0.000190
0.000189
0.000189
0.000189
0.000187
0.000187
0.000186
0.000185
0.000185
0.000184
0.000184
0.000184
0.000183
0.000182
0.000181
0.000181
0.000180
0.000180
0.000180
0.000179
0.000178
0.000178
0.000177
0.000177
0.000176
0.000176
0.000175
0.000174
0.000173
0.000173
0.000173
0.000172
0.000172
0.000171
0.000170
0.000170
0.000169
0.000169
0.000168
0.000167
0.000167
0.000167
0.000167
0.000166
0.000165
0.000164
0.000164
0.000163
0.000163
0.000162
0.000161
0.000161
0.000161
0.000160
0.000160
0.000159
0.000159
0.000158
0.000158
0.000157
0.000157
0.000156
0.000156
0.000155
0.000155
0.000154
0.000154
0.000153
0.000153
0.000152
0.000152
0.000151
0.000151
0.000150
0.000150
0.000149
0.000149
0.000148
0.000148
0.000148
0.000147
0.000146
0.000146
0.000146
0.000145
0.000144
0.000144
0.000143
0.000143
0.000143
0.000143
0.000142
0.000141
0.000141
0.000140
0.000140
0.000140
0.000139
0.000139
0.000138
0.000138
0.000138
0.000137
0.000137
0.000136
0.000136
0.000135
0.000135
0.000134
0.000134
0.000133
0.000133
0.000132
0.000132
0.000132
0.000131
0.000131
0.000131
0.000130
0.000129
0.000129
0.000129
0.000128
0.000128
0.000128
0.000128
0.000127
0.000126
0.000126
0.000126
0.000125
0.000125
0.000124
0.000124
0.000123
0.000123
0.000123
0.000122
0.000122
0.000122
0.000121
0.000121
0.000120
0.000120
0.000119
0.000119
0.000119
0.000119
0.000119
0.000118
0.000117
0.000117
0.000117
0.000116
0.000116
0.000116
0.000115
0.000115
0.000114
0.000114
0.000114
0.000113
0.000113
0.000113
0.000112
0.000112
0.000111
0.000111
0.000111
0.000110
0.000110
0.000110
0.000109
0.000109
0.000109
0.000108
0.000107
0.000107
0.000107
0.000107
0.000107
0.000106
0.000106
0.000105
0.000105
0.000105
0.000105
0.000104
0.000104
0.000104
0.000103
0.000103
0.000102
0.000102
0.000102
0.000101
0.000101
0.000101
0.000101
0.000100
0.000100
0.000100
0.000099
0.000099
0.000099
0.000099
0.000098
0.000098
0.000098
0.000097
0.000097
0.000097
0.000097
0.000097
0.000096
0.000096
0.000095
0.000095
0.000095
0.000095
0.000094
0.000094
0.000094
0.000093
0.000093
0.000093
0.000093
0.000092
0.000092
0.000092
0.000092
0.000091
0.000091
0.000091
0.000090
0.000090
0.000090
0.000090
0.000089
0.000089
0.000089
0.000089
0.000088
0.000088
0.000088
0.000087
0.000087
0.000087
0.000086
0.000086
0.000086
0.000086
0.000086
0.000085
0.000085
0.000085
0.000084
0.000084
0.000084
0.000084
0.000083
0.000083
0.000083
0.000082
0.000082
0.000082
0.000082
0.000081
0.000081
0.000081
0.000081
0.000080
0.000080
0.000080
0.000080
0.000080
0.000079
0.000079
0.000079
0.000079
0.000078
0.000078
0.000078
0.000078
0.000077
0.000077
0.000077
0.000077
0.000076
0.000076
0.000076
0.000076
0.000075
0.000075
0.000075
0.000074
0.000074
0.000074
0.000074
0.000074
0.000073
0.000073
0.000073
0.000073
0.000072
0.000072
0.000072
0.000071
0.000071
0.000071
0.000071
0.000071
0.000070
0.000070
0.000070
0.000070
0.000070
0.000070
0.000069
0.000069
0.000069
0.000069
0.000068
0.000068
0.000068
0.000068
0.000067
0.000067
0.000067
0.000067
0.000067
0.000066
0.000066
0.000066
0.000066
0.000066
0.000066
0.000065
0.000065
0.000065
0.000065
0.000064
0.000064
0.000064
0.000064
0.000064
0.000063
0.000063
0.000063
0.000063
0.000063
0.000062
0.000062
0.000062
0.000062
0.000062
0.000061
0.000061
0.000061
0.000061
0.000061
0.000061
0.000060
0.000060
0.000060
0.000059
0.000059
0.000059
0.000059
0.000059
0.000058
0.000058
0.000058
0.000058
0.000058
0.000057
0.000057
0.000057
0.000057
0.000057
0.000057
0.000057
0.000056
0.000056
0.000056
0.000056
0.000055
0.000055
0.000055
0.000055
0.000055
0.000055
0.000054
0.000054
0.000054
0.000054
0.000054
0.000054
0.000053
0.000053
0.000053
0.000053
0.000053
0.000052
0.000052
0.000052
0.000052
0.000052
0.000052
0.000051
0.000051
0.000051
0.000051
0.000051
0.000051
0.000050
0.000050
0.000050
0.000050
0.000049
0.000049
0.000049
0.000049
0.000049
0.000049
0.000049
0.000048
0.000048
0.000048
0.000048
0.000048
0.000048
0.000048
0.000047
0.000047
0.000047
0.000047
0.000047
0.000046
0.000046
0.000046
0.000046
0.000046
0.000046
0.000046
0.000045
0.000045
0.000045
0.000045
0.000045
0.000045
0.000045
0.000044
0.000044
0.000044
0.000044
0.000044
0.000044
0.000044
0.000043
0.000043
0.000043
0.000043
0.000043
0.000043
0.000042
0.000042
0.000042
0.000042
0.000042
0.000042
0.000042
0.000041
0.000041
0.000041
0.000041
0.000041
0.000040
0.000040
0.000040
0.000040
0.000040
0.000040
0.000040
0.000040
0.000040
0.000039
0.000039
0.000039
0.000039
0.000039
0.000039
0.000038
0.000038
0.000038
0.000038
0.000038
0.000038
0.000038
0.000037
0.000037
0.000037
0.000037
0.000037
0.000037
0.000037
0.000037
0.000036
0.000036
0.000036
0.000036
0.000036
0.000036
0.000036
0.000036
0.000036
0.000035
0.000035
0.000035
0.000035
0.000035
0.000035
0.000035
0.000035
0.000034
0.000034
0.000034
0.000034
0.000034
0.000034
0.000034
0.000033
0.000033
0.000033
0.000033
0.000033
0.000033
0.000033
0.000033
0.000033
0.000033
0.000032
0.000032
0.000032
0.000032
0.000032
0.000032
0.000032
0.000032
0.000031
0.000031
0.000031
0.000031
0.000031
0.000031
0.000031
0.000031
0.000030
0.000030
0.000030
0.000030
0.000030
0.000030
0.000030
0.000030
0.000030
0.000030
0.000029
0.000029
0.000029
0.000029
0.000029
0.000029
0.000029
0.000029
0.000029
0.000029
0.000028
0.000028
0.000028
0.000028
0.000028
0.000028
0.000028
0.000028
0.000028
0.000027
0.000027
0.000027
0.000027
0.000027
0.000027
0.000027
0.000027
0.000027
0.000027
0.000026
0.000026
0.000026
0.000026
0.000026
0.000026
0.000026
0.000026
0.000026
0.000025
0.000025
0.000025
0.000025
0.000025
0.000025
0.000025
0.000025
0.000025
0.000025
0.000025
0.000024
0.000024
0.000024
0.000024
0.000024
0.000024
0.000024
0.000024
0.000024
0.000024
0.000023
0.000023
0.000023
0.000023
0.000023
0.000023
0.000023
0.000023
0.000023
0.000023
0.000023
0.000022
0.000022
0.000022
0.000022
0.000022
0.000022
0.000022
0.000022
0.000022
0.000022
0.000022
0.000021
0.000021
0.000021
0.000021
0.000021
0.000021
0.000021
0.000021
0.000021
0.000021
0.000021
0.000020
0.000020
0.000020
0.000020
0.000020
0.000020
0.000020
0.000020
0.000020
0.000020
0.000020
0.000020
0.000019
0.000019
0.000019
0.000019
0.000019
0.000019
0.000019
0.000019
0.000019
0.000019
0.000019
0.000019
0.000018
0.000018
0.000018
0.000018
0.000018
0.000018
0.000018
0.000018
0.000018
0.000018
0.000018
0.000018
0.000018
0.000018
0.000018
0.000017
0.000017
0.000017
0.000017
0.000017
0.000017
0.000017
0.000017
0.000017
0.000017
0.000016
0.000016
0.000016
0.000016
0.000016
0.000016
0.000016
0.000016
0.000016
0.000016
0.000016
0.000016
0.000016
0.000016
0.000015
0.000015
0.000015
0.000015
0.000015
0.000015
0.000015
0.000015
0.000015
0.000015
0.000015
0.000015
0.000015
0.000014
0.000014
0.000014
0.000014
0.000014
0.000014
0.000014
0.000014
0.000014
0.000014
0.000014
0.000014
0.000014
0.000014
0.000014
0.000013
0.000013
0.000013
0.000013
0.000013
0.000013
0.000013
0.000013
0.000013
0.000013
0.000013
0.000013
0.000013
0.000012
0.000012
0.000012
0.000012
0.000012
0.000012
0.000012
0.000012
0.000012
0.000012
0.000012
0.000012
0.000012
0.000012
0.000012
0.000011
0.000011
0.000011
0.000011
0.000011
0.000011
0.000011
0.000011
0.000011
0.000011
0.000011
0.000011
0.000011
0.000011
0.000010
0.000010
0.000010
0.000010
0.000010
0.000010
0.000010
0.000010
0.000010
0.000010
0.000010
0.000010
0.000010
0.000010
0.000010
0.000009
0.000009
0.000009
0.000009
0.000009
0.000009
0.000009
0.000009
0.000009
0.000009
0.000009
0.000009
0.000009
0.000009
0.000009
0.000009
0.000008
0.000008
0.000008
0.000008
0.000008
0.000008
0.000008
0.000008
0.000008
0.000008
0.000008
0.000008
0.000008
0.000008
0.000008
0.000007
0.000007
0.000007
0.000007
0.000007
0.000007
0.000007
0.000007
0.000007
0.000007
0.000007
0.000007
0.000007
0.000007
0.000006
0.000006
0.000006
0.000006
0.000006
0.000006
0.000006
0.000006
0.000006
0.000006
0.000006
0.000006
0.000006
0.000006
0.000005
0.000005
0.000005
0.000005
0.000005
0.000005
0.000005
0.000005
0.000005
0.000005
0.000005
0.000005
0.000005
0.000005
0.000005
0.000005
0.000004
0.000004
0.000004
0.000004
0.000004
0.000004
0.000004
0.000004
0.000004
0.000004
0.000004
0.000004
0.000004
0.000003
0.000003
0.000003
0.000003
0.000003
-0.000000
